id: 5
T_world_origin: 
-0.485923 -0.862357 -0.142198  0.395899
 0.871894 -0.466999 -0.147355    0.1538
0.0606666 -0.195585  0.978809  0.565766
        0         0         0         1
T_origin_endpoint_L: 
  0.998515   0.041781  0.0349562  0.0949886
-0.0409827   0.998889 -0.0232519  0.0520091
-0.0358888  0.0217848   0.999118  -0.126615
         0          0          0          1
T_origin_endpoint_R: 
  0.994841 -0.0970512  0.0295268   -0.11362
  0.093003   0.988816   0.116591   0.158002
-0.0405118  -0.113243   0.992741   0.308115
         0          0          0          1
T_lidar_imu: 
-2.22045e-16            1            0            0
           1 -2.22045e-16            0            0
           0            0           -1         0.07
           0            0            0            1
imu_bias: 0.00773957  0.0201135  0.0156155   0.102838  -0.114273  -0.008192
frame_id: 2
num_frames: 208
frame_0
id: 587
stamp: 1783948128.379586935
T_odom_lidar: 
 -0.819523  -0.562398   0.109957   0.040908
 -0.557594   0.826866  0.0733579  0.0730589
 -0.132176 -0.0011931  -0.991225   0.580855
         0          0          0          1
T_world_lidar: 
 -0.819523  -0.562398   0.109957   0.040908
 -0.557594   0.826866  0.0733579  0.0730589
 -0.132176 -0.0011931  -0.991225   0.580855
         0          0          0          1
v_world_imu: 0.217373 0.111231 0.182826
frame_1
id: 588
stamp: 1783948128.480477571
T_odom_lidar: 
 -0.889449    -0.4493  0.0837245  0.0654807
 -0.446576   0.893354  0.0498966  0.0814288
-0.0972142 0.00699119  -0.995239   0.598854
         0          0          0          1
T_world_lidar: 
 -0.889449    -0.4493  0.0837245  0.0654807
 -0.446576   0.893354  0.0498966  0.0814288
-0.0972142 0.00699119  -0.995239   0.598854
         0          0          0          1
v_world_imu:  0.219299 0.0109713  0.167586
frame_2
id: 589
stamp: 1783948128.581335545
T_odom_lidar: 
 -0.894308   -0.43878  0.0876654  0.0859643
 -0.435912   0.898567   0.050579  0.0760451
 -0.100966 0.00701876  -0.994865   0.614851
         0          0          0          1
T_world_lidar: 
 -0.894308   -0.43878  0.0876654  0.0859643
 -0.435912   0.898567   0.050579  0.0760451
 -0.100966 0.00701876  -0.994865   0.614851
         0          0          0          1
v_world_imu:  0.192997 -0.111462  0.147592
frame_3
id: 590
stamp: 1783948128.682198048
T_odom_lidar: 
  -0.840058    -0.52855    0.122216    0.101271
  -0.523575    0.848896   0.0724163   0.0580242
  -0.142025 -0.00315545   -0.989858     0.62846
          0           0           0           1
T_world_lidar: 
  -0.840058    -0.52855    0.122216    0.101271
  -0.523575    0.848896   0.0724163   0.0580242
  -0.142025 -0.00315545   -0.989858     0.62846
          0           0           0           1
v_world_imu:  0.183139 -0.204908  0.127836
frame_4
id: 591
stamp: 1783948128.783057928
T_odom_lidar: 
-0.765967 -0.622239  0.161599  0.118409
-0.613238  0.782638  0.106854 0.0330034
-0.192963 -0.017252 -0.981054    0.6403
        0         0         0         1
T_world_lidar: 
-0.765967 -0.622239  0.161599  0.118409
-0.613238  0.782638  0.106854 0.0330034
-0.192963 -0.017252 -0.981054    0.6403
        0         0         0         1
v_world_imu:  0.220027 -0.230692   0.12026
frame_5
id: 592
stamp: 1783948128.883940935
T_odom_lidar: 
 -0.732044  -0.660206   0.168047    0.14465
 -0.647705   0.750942   0.128704  0.0163267
 -0.211164 -0.0146283  -0.977341   0.656988
         0          0          0          1
T_world_lidar: 
 -0.732044  -0.660206   0.168047    0.14465
 -0.647705   0.750942   0.128704  0.0163267
 -0.211164 -0.0146283  -0.977341   0.656988
         0          0          0          1
v_world_imu:  0.304257 0.0506869  0.231701
frame_6
id: 593
stamp: 1783948128.984796524
T_odom_lidar: 
 -0.749002  -0.640645   0.169027   0.170901
 -0.631224   0.767495    0.11184  0.0229296
 -0.201378 -0.0229256  -0.979245   0.681528
         0          0          0          1
T_world_lidar: 
 -0.749002  -0.640645   0.169027   0.170901
 -0.631224   0.767495    0.11184  0.0229296
 -0.201378 -0.0229256  -0.979245   0.681528
         0          0          0          1
v_world_imu:   0.317962 -0.0211107    0.24099
frame_7
id: 594
stamp: 1783948129.087111950
T_odom_lidar: 
 -0.771591  -0.618757   0.147605    0.21315
 -0.606552   0.785567   0.122387  0.0133255
 -0.191682 0.00490209  -0.981445    0.70389
         0          0          0          1
T_world_lidar: 
 -0.771591  -0.618757   0.147605    0.21315
 -0.606552   0.785567   0.122387  0.0133255
 -0.191682 0.00490209  -0.981445    0.70389
         0          0          0          1
v_world_imu:   0.460489 -0.0488174   0.223996
frame_8
id: 595
stamp: 1783948129.186545849
T_odom_lidar: 
-0.770994 -0.626508  0.114262  0.253492
-0.616437  0.779234  0.113134 0.0194538
-0.159916 0.0167903 -0.986988  0.723692
        0         0         0         1
T_world_lidar: 
-0.770994 -0.626508  0.114262  0.253492
-0.616437  0.779234  0.113134 0.0194538
-0.159916 0.0167903 -0.986988  0.723692
        0         0         0         1
v_world_imu: 0.0791977 0.0625295  0.130725
frame_9
id: 596
stamp: 1783948129.287440062
T_odom_lidar: 
 -0.769082  -0.626462   0.126722   0.256568
 -0.616154   0.779397   0.113553  0.0205026
 -0.169903 0.00925088  -0.985417    0.73651
         0          0          0          1
T_world_lidar: 
 -0.769082  -0.626462   0.126722   0.256568
 -0.616154   0.779397   0.113553  0.0205026
 -0.169903 0.00925088  -0.985417    0.73651
         0          0          0          1
v_world_imu:   0.213425 -0.0241921   0.171764
frame_10
id: 597
stamp: 1783948129.388260841
T_odom_lidar: 
 -0.770513  -0.623504   0.132485   0.260352
 -0.613241     0.7818   0.112804  0.0239051
 -0.173911 0.00567187  -0.984745     0.7491
         0          0          0          1
T_world_lidar: 
 -0.770513  -0.623504   0.132485   0.260352
 -0.613241     0.7818   0.112804  0.0239051
 -0.173911 0.00567187  -0.984745     0.7491
         0          0          0          1
v_world_imu: 0.0496633 0.0582596  0.122957
frame_11
id: 598
stamp: 1783948129.489129543
T_odom_lidar: 
-0.772913 -0.620656  0.131873  0.262959
-0.609879  0.784033  0.115498 0.0278558
-0.175078 0.0088433 -0.984515  0.760097
        0         0         0         1
T_world_lidar: 
-0.772913 -0.620656  0.131873  0.262959
-0.609879  0.784033  0.115498 0.0278558
-0.175078 0.0088433 -0.984515  0.760097
        0         0         0         1
v_world_imu: 0.00440975  0.0707986   0.101705
frame_12
id: 599
stamp: 1783948129.589997292
T_odom_lidar: 
-0.774889 -0.618548  0.130176  0.262905
-0.607365  0.785653  0.117714 0.0327404
-0.175085 0.0121507 -0.984478  0.769407
        0         0         0         1
T_world_lidar: 
-0.774889 -0.618548  0.130176  0.262905
-0.607365  0.785653  0.117714 0.0327404
-0.175085 0.0121507 -0.984478  0.769407
        0         0         0         1
v_world_imu: -0.0252661   0.059231  0.0822125
frame_13
id: 600
stamp: 1783948129.690900326
T_odom_lidar: 
-0.776688 -0.616867  0.127401  0.260595
-0.605478   0.78692  0.118971 0.0378358
-0.173644 0.0152648  -0.98469  0.777024
        0         0         0         1
T_world_lidar: 
-0.776688 -0.616867  0.127401  0.260595
-0.605478   0.78692  0.118971 0.0378358
-0.173644 0.0152648  -0.98469  0.777024
        0         0         0         1
v_world_imu: -0.0419713  0.0526488  0.0654418
frame_14
id: 601
stamp: 1783948129.791746140
T_odom_lidar: 
-0.778117 -0.615601  0.124775   0.25653
-0.604015  0.787848  0.120255 0.0426247
-0.172333 0.0182061 -0.984871  0.782996
        0         0         0         1
T_world_lidar: 
-0.778117 -0.615601  0.124775   0.25653
-0.604015  0.787848  0.120255 0.0426247
-0.172333 0.0182061 -0.984871  0.782996
        0         0         0         1
v_world_imu: -0.0543944   0.045625  0.0506311
frame_15
id: 602
stamp: 1783948129.892615795
T_odom_lidar: 
-0.779313 -0.614684    0.1218  0.250305
-0.603026  0.788499  0.120947 0.0464081
-0.170384 0.0208068 -0.985158  0.788022
        0         0         0         1
T_world_lidar: 
-0.779313 -0.614684    0.1218  0.250305
-0.603026  0.788499  0.120947 0.0464081
-0.170384 0.0208068 -0.985158  0.788022
        0         0         0         1
v_world_imu: -0.0624832  0.0383907  0.0395018
frame_16
id: 603
stamp: 1783948129.993472576
T_odom_lidar: 
-0.780159 -0.614081  0.119399  0.244471
 -0.60245  0.788922  0.121064 0.0499126
 -0.16854 0.0225173 -0.985438  0.791553
        0         0         0         1
T_world_lidar: 
-0.780159 -0.614081  0.119399  0.244471
 -0.60245  0.788922  0.121064 0.0499126
 -0.16854 0.0225173 -0.985438  0.791553
        0         0         0         1
v_world_imu: -0.0646701  0.0310865  0.0284106
frame_17
id: 604
stamp: 1783948130.094404221
T_odom_lidar: 
-0.781038 -0.613361  0.117334   0.23853
-0.601754  0.789437  0.121166 0.0526838
-0.166947 0.0240291 -0.985673  0.794016
        0         0         0         1
T_world_lidar: 
-0.781038 -0.613361  0.117334   0.23853
-0.601754  0.789437  0.121166 0.0526838
-0.166947 0.0240291 -0.985673  0.794016
        0         0         0         1
v_world_imu: -0.0642359  0.0246195  0.0183682
frame_18
id: 605
stamp: 1783948130.195206642
T_odom_lidar: 
-0.781861 -0.612575  0.115953  0.232523
 -0.60104  0.790023  0.120889  0.054918
 -0.16566 0.0248259  -0.98587  0.795555
        0         0         0         1
T_world_lidar: 
-0.781861 -0.612575  0.115953  0.232523
 -0.60104  0.790023  0.120889  0.054918
 -0.16566 0.0248259  -0.98587  0.795555
        0         0         0         1
v_world_imu: -0.0630165  0.0202804 0.00824363
frame_19
id: 606
stamp: 1783948130.296133757
T_odom_lidar: 
-0.782418 -0.612065  0.114885   0.22665
-0.600636  0.790406  0.120398 0.0568278
-0.164497 0.0251976 -0.986056  0.795991
        0         0         0         1
T_world_lidar: 
-0.782418 -0.612065  0.114885   0.22665
-0.600636  0.790406  0.120398 0.0568278
-0.164497 0.0251976 -0.986056  0.795991
        0         0         0         1
v_world_imu:   -0.0610976    0.0163468 -0.000587426
frame_20
id: 607
stamp: 1783948130.396953821
T_odom_lidar: 
-0.782918 -0.611498  0.114499  0.220918
-0.600089  0.790836    0.1203 0.0583478
-0.164113 0.0254761 -0.986113  0.795577
        0         0         0         1
T_world_lidar: 
-0.782918 -0.611498  0.114499  0.220918
-0.600089  0.790836    0.1203 0.0583478
-0.164113 0.0254761 -0.986113  0.795577
        0         0         0         1
v_world_imu:  -0.0597396    0.013682 -0.00827595
frame_21
id: 608
stamp: 1783948130.499650002
T_odom_lidar: 
-0.783214 -0.611237  0.113867   0.21519
-0.599858  0.791026  0.120201 0.0596116
-0.163543 0.0258391 -0.986198  0.794467
        0         0         0         1
T_world_lidar: 
-0.783214 -0.611237  0.113867   0.21519
-0.599858  0.791026  0.120201 0.0596116
-0.163543 0.0258391 -0.986198  0.794467
        0         0         0         1
v_world_imu: -0.0583687  0.0106614 -0.0140993
frame_22
id: 609
stamp: 1783948130.598707199
T_odom_lidar: 
-0.783342 -0.611224  0.113049  0.209918
-0.599885  0.791022  0.120092 0.0605862
-0.162828 0.0262565 -0.986305  0.792697
        0         0         0         1
T_world_lidar: 
-0.783342 -0.611224  0.113049  0.209918
-0.599885  0.791022  0.120092 0.0605862
-0.162828 0.0262565 -0.986305  0.792697
        0         0         0         1
v_world_imu: -0.0554481 0.00772102 -0.0176426
frame_23
id: 610
stamp: 1783948130.699852467
T_odom_lidar: 
-0.783536 -0.611141  0.112149  0.204871
-0.599845   0.79107  0.119977 0.0612074
-0.162041 0.0267343 -0.986422   0.79087
        0         0         0         1
T_world_lidar: 
-0.783536 -0.611141  0.112149  0.204871
-0.599845   0.79107  0.119977 0.0612074
-0.162041 0.0267343 -0.986422   0.79087
        0         0         0         1
v_world_imu: -0.0502806 0.00430564 -0.0197565
frame_24
id: 611
stamp: 1783948130.800440073
T_odom_lidar: 
-0.783771 -0.610968  0.111447   0.20033
-0.599713  0.791192  0.119832 0.0614106
 -0.16139 0.0270849 -0.986519  0.788942
        0         0         0         1
T_world_lidar: 
-0.783771 -0.610968  0.111447   0.20033
-0.599713  0.791192  0.119832 0.0614106
 -0.16139 0.0270849 -0.986519  0.788942
        0         0         0         1
v_world_imu:  -0.0445007 0.000450714  -0.0219751
frame_25
id: 612
stamp: 1783948130.901273966
T_odom_lidar: 
-0.784041 -0.610732  0.110844  0.196395
-0.599499   0.79136  0.119792 0.0612991
-0.160878 0.0274706 -0.986592  0.786597
        0         0         0         1
T_world_lidar: 
-0.784041 -0.610732  0.110844  0.196395
-0.599499   0.79136  0.119792 0.0612991
-0.160878 0.0274706 -0.986592  0.786597
        0         0         0         1
v_world_imu:  -0.0394984 -0.00349198  -0.0215604
frame_26
id: 613
stamp: 1783948131.002204180
T_odom_lidar: 
 -0.78405 -0.610782  0.110504  0.192929
-0.599577  0.791319  0.119676 0.0607433
 -0.16054 0.0275766 -0.986644  0.784518
        0         0         0         1
T_world_lidar: 
 -0.78405 -0.610782  0.110504  0.192929
-0.599577  0.791319  0.119676 0.0607433
 -0.16054 0.0275766 -0.986644  0.784518
        0         0         0         1
v_world_imu:  -0.0334178 -0.00800149  -0.0206177
frame_27
id: 614
stamp: 1783948131.103013515
T_odom_lidar: 
-0.784101 -0.610814  0.109967  0.188967
-0.599671  0.791291  0.119386 0.0592625
-0.159938 0.0276663 -0.986739  0.783118
        0         0         0         1
T_world_lidar: 
-0.784101 -0.610814  0.109967  0.188967
-0.599671  0.791291  0.119386 0.0592625
-0.159938 0.0276663 -0.986739  0.783118
        0         0         0         1
v_world_imu:  -0.026531 -0.0132154 -0.0158035
frame_28
id: 615
stamp: 1783948131.203881502
T_odom_lidar: 
-0.784305 -0.610483  0.110345  0.186871
-0.599309  0.791549  0.119494 0.0577861
-0.160292 0.0275892 -0.986684  0.781643
        0         0         0         1
T_world_lidar: 
-0.784305 -0.610483  0.110345  0.186871
-0.599309  0.791549  0.119494 0.0577861
-0.160292 0.0275892 -0.986684  0.781643
        0         0         0         1
v_world_imu: -0.0177918 -0.0161136 -0.0137306
frame_29
id: 616
stamp: 1783948131.304750919
T_odom_lidar: 
-0.784457 -0.610224  0.110698  0.185589
-0.599084  0.791762  0.119207 0.0559375
-0.160389 0.0271957 -0.986679  0.780433
        0         0         0         1
T_world_lidar: 
-0.784457 -0.610224  0.110698  0.185589
-0.599084  0.791762  0.119207 0.0559375
-0.160389 0.0271957 -0.986679  0.780433
        0         0         0         1
v_world_imu: -0.0098518 -0.0209571 -0.0114656
frame_30
id: 617
stamp: 1783948131.405622482
T_odom_lidar: 
-0.784871 -0.609597  0.111216  0.184943
-0.598495  0.792261  0.118854 0.0535336
-0.160566 0.0267229 -0.986663  0.779466
        0         0         0         1
T_world_lidar: 
-0.784871 -0.609597  0.111216  0.184943
-0.598495  0.792261  0.118854 0.0535336
-0.160566 0.0267229 -0.986663  0.779466
        0         0         0         1
v_world_imu: -0.0037443 -0.0256214 -0.0106838
frame_31
id: 618
stamp: 1783948131.506477833
T_odom_lidar: 
-0.785226 -0.608981  0.112081  0.184826
-0.597919  0.792759  0.118429 0.0507787
-0.160975 0.0259785 -0.986617   0.77841
        0         0         0         1
T_world_lidar: 
-0.785226 -0.608981  0.112081  0.184826
-0.597919  0.792759  0.118429 0.0507787
-0.160975 0.0259785 -0.986617   0.77841
        0         0         0         1
v_world_imu: 0.000123027  -0.0298554  -0.0105099
frame_32
id: 619
stamp: 1783948131.607370138
T_odom_lidar: 
  -0.7855 -0.608512  0.112706   0.18497
-0.597525  0.793144  0.117843 0.0476502
-0.161101 0.0252209 -0.986616  0.777372
        0         0         0         1
T_world_lidar: 
  -0.7855 -0.608512  0.112706   0.18497
-0.597525  0.793144  0.117843 0.0476502
-0.161101 0.0252209 -0.986616  0.777372
        0         0         0         1
v_world_imu: 0.00183671 -0.0324016 -0.0104552
frame_33
id: 620
stamp: 1783948131.708229303
T_odom_lidar: 
-0.785897 -0.607989  0.112761  0.185288
-0.597122  0.793562  0.117069 0.0443604
-0.160659 0.0246725 -0.986702  0.776329
        0         0         0         1
T_world_lidar: 
-0.785897 -0.607989  0.112761  0.185288
-0.597122  0.793562  0.117069 0.0443604
-0.160659 0.0246725 -0.986702  0.776329
        0         0         0         1
v_world_imu: 0.00327712 -0.0335325 -0.0102131
frame_34
id: 621
stamp: 1783948131.809084415
T_odom_lidar: 
-0.786326 -0.607459   0.11263   0.18571
-0.596719  0.793982  0.116275 0.0409574
-0.160059 0.0242219  -0.98681  0.775302
        0         0         0         1
T_world_lidar: 
-0.786326 -0.607459   0.11263   0.18571
-0.596719  0.793982  0.116275 0.0409574
-0.160059 0.0242219  -0.98681  0.775302
        0         0         0         1
v_world_imu: 0.00380731 -0.0339539 -0.0108869
frame_35
id: 622
stamp: 1783948131.909974337
T_odom_lidar: 
-0.786529 -0.607262  0.112272  0.186233
-0.596675  0.794147  0.115368 0.0375782
-0.159219   0.02375 -0.986958  0.774227
        0         0         0         1
T_world_lidar: 
-0.786529 -0.607262  0.112272  0.186233
-0.596675  0.794147  0.115368 0.0375782
-0.159219   0.02375 -0.986958  0.774227
        0         0         0         1
v_world_imu: 0.00626701 -0.0328543  -0.010642
frame_36
id: 623
stamp: 1783948132.010840893
T_odom_lidar: 
-0.787114 -0.606624  0.111618   0.18718
-0.596185  0.794639  0.114509 0.0344714
 -0.15816 0.0235868 -0.987132  0.772993
        0         0         0         1
T_world_lidar: 
-0.787114 -0.606624  0.111618   0.18718
-0.596185  0.794639  0.114509 0.0344714
 -0.15816 0.0235868 -0.987132  0.772993
        0         0         0         1
v_world_imu:   0.0100029  -0.0305264 -0.00899013
frame_37
id: 624
stamp: 1783948132.111725569
T_odom_lidar: 
-0.787554 -0.606205  0.110792  0.188434
-0.595953  0.794967  0.113435 0.0315509
-0.156841 0.0233094 -0.987349  0.772193
        0         0         0         1
T_world_lidar: 
-0.787554 -0.606205  0.110792  0.188434
-0.595953  0.794967  0.113435 0.0315509
-0.156841 0.0233094 -0.987349  0.772193
        0         0         0         1
v_world_imu:   0.0140898   -0.027339 -0.00722872
frame_38
id: 625
stamp: 1783948132.212579250
T_odom_lidar: 
-0.787743 -0.606087  0.110088   0.19008
-0.596007  0.795067  0.112449 0.0290382
-0.155682  0.022968  -0.98754  0.771627
        0         0         0         1
T_world_lidar: 
-0.787743 -0.606087  0.110088   0.19008
-0.596007  0.795067  0.112449 0.0290382
-0.155682  0.022968  -0.98754  0.771627
        0         0         0         1
v_world_imu:   0.0195529  -0.0223158 -0.00402846
frame_39
id: 626
stamp: 1783948132.313435555
T_odom_lidar: 
-0.787755 -0.606163  0.109579  0.191277
-0.596246  0.795022  0.111495 0.0266437
-0.154702 0.0224947 -0.987705  0.771876
        0         0         0         1
T_world_lidar: 
-0.787755 -0.606163  0.109579  0.191277
-0.596246  0.795022  0.111495 0.0266437
-0.154702 0.0224947 -0.987705  0.771876
        0         0         0         1
v_world_imu:    0.02794 -0.0168722 0.00199058
frame_40
id: 627
stamp: 1783948132.414289951
T_odom_lidar: 
-0.788184 -0.605483  0.110256  0.194551
-0.595579  0.795554  0.111264 0.0252893
-0.155083   0.02203 -0.987656  0.772246
        0         0         0         1
T_world_lidar: 
-0.788184 -0.605483  0.110256  0.194551
-0.595579  0.795554  0.111264 0.0252893
-0.155083   0.02203 -0.987656  0.772246
        0         0         0         1
v_world_imu:   0.0388377 -0.00847574   0.0062347
frame_41
id: 628
stamp: 1783948132.517283678
T_odom_lidar: 
-0.788458 -0.604844  0.111796  0.198773
-0.594863  0.796056  0.111497 0.0248518
-0.156434 0.0214072 -0.987456  0.772968
        0         0         0         1
T_world_lidar: 
-0.788458 -0.604844  0.111796  0.198773
-0.594863  0.796056  0.111497 0.0248518
-0.156434 0.0214072 -0.987456  0.772968
        0         0         0         1
v_world_imu:  0.0466548 0.00151261 0.00887669
frame_42
id: 629
stamp: 1783948132.616024256
T_odom_lidar: 
-0.788532 -0.604527  0.112983  0.203377
-0.594455  0.796306  0.111893 0.0253775
-0.157611 0.0210677 -0.987276  0.773915
        0         0         0         1
T_world_lidar: 
-0.788532 -0.604527  0.112983  0.203377
-0.594455  0.796306  0.111893 0.0253775
-0.157611 0.0210677 -0.987276  0.773915
        0         0         0         1
v_world_imu: 0.0508136 0.0106253  0.010845
frame_43
id: 630
stamp: 1783948132.716922045
T_odom_lidar: 
-0.788633  -0.60423  0.113863  0.208429
-0.594029   0.79653  0.112557 0.0267278
-0.158706 0.0211281   -0.9871  0.775004
        0         0         0         1
T_world_lidar: 
-0.788633  -0.60423  0.113863  0.208429
-0.594029   0.79653  0.112557 0.0267278
-0.158706 0.0211281   -0.9871  0.775004
        0         0         0         1
v_world_imu: 0.0526089 0.0177916 0.0119615
frame_44
id: 631
stamp: 1783948132.817754984
T_odom_lidar: 
-0.788635 -0.604028  0.114911  0.213579
-0.593631  0.796676  0.113621 0.0287289
-0.160178 0.0213907 -0.986856  0.776097
        0         0         0         1
T_world_lidar: 
-0.788635 -0.604028  0.114911  0.213579
-0.593631  0.796676  0.113621 0.0287289
-0.160178 0.0213907 -0.986856  0.776097
        0         0         0         1
v_world_imu: 0.0528759 0.0241554 0.0114148
frame_45
id: 632
stamp: 1783948132.918649912
T_odom_lidar: 
-0.788701 -0.603801   0.11565  0.218571
-0.593216  0.796836  0.114658 0.0312243
-0.161385 0.0218258  -0.98665  0.777176
        0         0         0         1
T_world_lidar: 
-0.788701 -0.603801   0.11565  0.218571
-0.593216  0.796836  0.114658 0.0312243
-0.161385 0.0218258  -0.98665  0.777176
        0         0         0         1
v_world_imu: 0.0496538 0.0277659 0.0116212
frame_46
id: 633
stamp: 1783948133.019500256
T_odom_lidar: 
 -0.78882 -0.603448   0.11668  0.223086
-0.592612  0.797089   0.11602 0.0340364
-0.163016  0.022373  -0.98637  0.778214
        0         0         0         1
T_world_lidar: 
 -0.78882 -0.603448   0.11668  0.223086
-0.592612  0.797089   0.11602 0.0340364
-0.163016  0.022373  -0.98637  0.778214
        0         0         0         1
v_world_imu: 0.0440503 0.0302111 0.0110611
frame_47
id: 634
stamp: 1783948133.121170521
T_odom_lidar: 
-0.788428 -0.603758  0.117718  0.226979
-0.592644  0.796838  0.117569 0.0370109
-0.164786 0.0229301 -0.986063  0.779192
        0         0         0         1
T_world_lidar: 
-0.788428 -0.603758  0.117718  0.226979
-0.592644  0.796838  0.117569 0.0370109
-0.164786 0.0229301 -0.986063  0.779192
        0         0         0         1
v_world_imu: 0.0377499 0.0304466 0.0100549
frame_48
id: 635
stamp: 1783948133.221224308
T_odom_lidar: 
-0.788139 -0.603977  0.118524  0.230197
-0.592596  0.796652   0.11906 0.0397758
-0.166332 0.0235988 -0.985787  0.779961
        0         0         0         1
T_world_lidar: 
-0.788139 -0.603977  0.118524  0.230197
-0.592596  0.796652   0.11906 0.0397758
-0.166332 0.0235988 -0.985787  0.779961
        0         0         0         1
v_world_imu:  0.0316266  0.0273102 0.00739505
frame_49
id: 636
stamp: 1783948133.322129726
T_odom_lidar: 
-0.788314 -0.603717  0.118685  0.232877
-0.592152  0.796825  0.120108 0.0421079
-0.167082  0.024403 -0.985641  0.780488
        0         0         0         1
T_world_lidar: 
-0.788314 -0.603717  0.118685  0.232877
-0.592152  0.796825  0.120108 0.0421079
-0.167082  0.024403 -0.985641  0.780488
        0         0         0         1
v_world_imu:  0.0249122  0.0213311 0.00391052
frame_50
id: 637
stamp: 1783948133.422959805
T_odom_lidar: 
-0.788478 -0.603466  0.118874  0.234745
-0.591792  0.797002  0.120705 0.0437998
-0.167585 0.0248244 -0.985545  0.780622
        0         0         0         1
T_world_lidar: 
-0.788478 -0.603466  0.118874  0.234745
-0.591792  0.797002  0.120705 0.0437998
-0.167585 0.0248244 -0.985545  0.780622
        0         0         0         1
v_world_imu:   0.0159185   0.0135397 0.000559748
frame_51
id: 638
stamp: 1783948133.523828983
T_odom_lidar: 
-0.788576 -0.603264  0.119247  0.235556
-0.591519  0.797152  0.121054 0.0446348
-0.168086  0.024923 -0.985457  0.780459
        0         0         0         1
T_world_lidar: 
-0.788576 -0.603264  0.119247  0.235556
-0.591519  0.797152  0.121054 0.0446348
-0.168086  0.024923 -0.985457  0.780459
        0         0         0         1
v_world_imu:   0.0061567  0.00530979 -0.00476425
frame_52
id: 639
stamp: 1783948133.624701262
T_odom_lidar: 
-0.788968   -0.6029  0.118499  0.234278
-0.591234   0.79742   0.12068 0.0443252
-0.167251 0.0251516 -0.985593  0.780084
        0         0         0         1
T_world_lidar: 
-0.788968   -0.6029  0.118499  0.234278
-0.591234   0.79742   0.12068 0.0443252
-0.167251 0.0251516 -0.985593  0.780084
        0         0         0         1
v_world_imu: -0.00432774 -0.00263195  -0.0072139
frame_53
id: 640
stamp: 1783948133.725564718
T_odom_lidar: 
-0.789223 -0.602808  0.117259  0.233279
-0.591301  0.797484  0.119922 0.0436759
-0.165802 0.0253092 -0.985834  0.779174
        0         0         0         1
T_world_lidar: 
-0.789223 -0.602808  0.117259  0.233279
-0.591301  0.797484  0.119922 0.0436759
-0.165802 0.0253092 -0.985834  0.779174
        0         0         0         1
v_world_imu:  -0.0120411 -0.00997786  -0.0101076
frame_54
id: 641
stamp: 1783948133.826436281
T_odom_lidar: 
-0.789489 -0.602722  0.115899  0.231668
-0.591417  0.797549   0.11892 0.0423645
-0.164111 0.0253416 -0.986116  0.777972
        0         0         0         1
T_world_lidar: 
-0.789489 -0.602722  0.115899  0.231668
-0.591417  0.797549   0.11892 0.0423645
-0.164111 0.0253416 -0.986116  0.777972
        0         0         0         1
v_world_imu: -0.0163987 -0.0152174 -0.0126513
frame_55
id: 642
stamp: 1783948133.927301645
T_odom_lidar: 
-0.789836 -0.602495  0.114717  0.229682
-0.591408  0.797726  0.117774 0.0406734
-0.162471 0.0251779 -0.986392  0.776588
        0         0         0         1
T_world_lidar: 
-0.789836 -0.602495  0.114717  0.229682
-0.591408  0.797726  0.117774 0.0406734
-0.162471 0.0251779 -0.986392  0.776588
        0         0         0         1
v_world_imu: -0.0192591 -0.0187962 -0.0136908
frame_56
id: 643
stamp: 1783948134.028163910
T_odom_lidar: 
-0.790199 -0.602212   0.11369  0.227422
-0.591331  0.797946  0.116661 0.0386663
-0.160973  0.024957 -0.986643    0.7752
        0         0         0         1
T_world_lidar: 
-0.790199 -0.602212   0.11369  0.227422
-0.591331  0.797946  0.116661 0.0386663
-0.160973  0.024957 -0.986643    0.7752
        0         0         0         1
v_world_imu: -0.0203786 -0.0194947 -0.0147242
frame_57
id: 644
stamp: 1783948134.129069328
T_odom_lidar: 
-0.790555 -0.601983  0.112419  0.225224
-0.591283  0.798116  0.115738 0.0368397
-0.159396 0.0250255 -0.986898  0.773453
        0         0         0         1
T_world_lidar: 
-0.790555 -0.601983  0.112419  0.225224
-0.591283  0.798116  0.115738 0.0368397
-0.159396 0.0250255 -0.986898  0.773453
        0         0         0         1
v_world_imu: -0.0203413 -0.0176173 -0.0140699
frame_58
id: 645
stamp: 1783948134.229893684
T_odom_lidar: 
-0.790593 -0.602131  0.111364  0.222995
-0.591566  0.798003  0.115068 0.0351269
-0.158155 0.0250929 -0.987095  0.772107
        0         0         0         1
T_world_lidar: 
-0.790593 -0.602131  0.111364  0.222995
-0.591566  0.798003  0.115068 0.0351269
-0.158155 0.0250929 -0.987095  0.772107
        0         0         0         1
v_world_imu: -0.0181862 -0.0151652 -0.0137602
frame_59
id: 646
stamp: 1783948134.330764771
T_odom_lidar: 
-0.790625 -0.602151  0.111022  0.221142
-0.591623  0.797986  0.114894 0.0337585
-0.157777 0.0251546 -0.987154  0.770651
        0         0         0         1
T_world_lidar: 
-0.790625 -0.602151  0.111022  0.221142
-0.591623  0.797986  0.114894 0.0337585
-0.157777 0.0251546 -0.987154  0.770651
        0         0         0         1
v_world_imu: -0.0133538 -0.0117564  -0.013223
frame_60
id: 647
stamp: 1783948134.432829857
T_odom_lidar: 
-0.790801 -0.601881  0.111235  0.219838
-0.591324  0.798189  0.115022 0.0327444
-0.158016 0.0251834 -0.987115  0.769042
        0         0         0         1
T_world_lidar: 
-0.790801 -0.601881  0.111235  0.219838
-0.591324  0.798189  0.115022 0.0327444
-0.158016 0.0251834 -0.987115  0.769042
        0         0         0         1
v_world_imu: -0.00824704  -0.0089493  -0.0114434
frame_61
id: 648
stamp: 1783948134.532504082
T_odom_lidar: 
-0.790826 -0.601746   0.11179   0.21892
 -0.59111   0.79829  0.115418 0.0319211
-0.158693 0.0251956 -0.987006  0.767863
        0         0         0         1
T_world_lidar: 
-0.790826 -0.601746   0.11179   0.21892
 -0.59111   0.79829  0.115418 0.0319211
-0.158693 0.0251956 -0.987006  0.767863
        0         0         0         1
v_world_imu:  -0.0046336 -0.00585103  -0.0100816
frame_62
id: 649
stamp: 1783948134.633369684
T_odom_lidar: 
-0.790875 -0.601648  0.111963  0.218327
-0.590952  0.798358  0.115765 0.0314326
-0.159036 0.0253909 -0.986946  0.766865
        0         0         0         1
T_world_lidar: 
-0.790875 -0.601648  0.111963  0.218327
-0.590952  0.798358  0.115765 0.0314326
-0.159036 0.0253909 -0.986946  0.766865
        0         0         0         1
v_world_imu: -0.00205965 -0.00397067 -0.00794393
frame_63
id: 650
stamp: 1783948134.734236956
T_odom_lidar: 
-0.791041  -0.60135  0.112393  0.216843
-0.590542  0.798573  0.116363 0.0305637
-0.159729 0.0256755 -0.986827  0.766353
        0         0         0         1
T_world_lidar: 
-0.791041  -0.60135  0.112393  0.216843
-0.590542  0.798573  0.116363 0.0305637
-0.159729 0.0256755 -0.986827  0.766353
        0         0         0         1
v_world_imu: -0.00148541 -0.00419333 -0.00631482
frame_64
id: 651
stamp: 1783948134.835102081
T_odom_lidar: 
-0.791048 -0.601298  0.112621  0.216452
-0.590396  0.798602  0.116906 0.0300451
-0.160235 0.0259868 -0.986737  0.765651
        0         0         0         1
T_world_lidar: 
-0.791048 -0.601298  0.112621  0.216452
-0.590396  0.798602  0.116906 0.0300451
-0.160235 0.0259868 -0.986737  0.765651
        0         0         0         1
v_world_imu: -0.000363842  -0.00416908  -0.00598865
frame_65
id: 652
stamp: 1783948134.935967207
T_odom_lidar: 
-0.791248 -0.600991  0.112855  0.216186
-0.589983  0.798819  0.117507 0.0295473
-0.160771 0.0263945 -0.986639  0.764968
        0         0         0         1
T_world_lidar: 
-0.791248 -0.600991  0.112855  0.216186
-0.589983  0.798819  0.117507 0.0295473
-0.160771 0.0263945 -0.986639  0.764968
        0         0         0         1
v_world_imu: -4.39663e-05  -0.00484908   -0.0055606
frame_66
id: 653
stamp: 1783948135.036877632
T_odom_lidar: 
-0.791153 -0.600974  0.113613  0.215885
-0.589823  0.798828  0.118246 0.0288861
 -0.16182 0.0265394 -0.986463  0.764222
        0         0         0         1
T_world_lidar: 
-0.791153 -0.600974  0.113613  0.215885
-0.589823  0.798828  0.118246 0.0288861
 -0.16182 0.0265394 -0.986463  0.764222
        0         0         0         1
v_world_imu: 0.000244239 -0.00664953  -0.0064393
frame_67
id: 654
stamp: 1783948135.139427900
T_odom_lidar: 
-0.791134 -0.600838  0.114455  0.215619
-0.589536  0.798925  0.119018 0.0280121
-0.162952 0.0266839 -0.986273  0.763392
        0         0         0         1
T_world_lidar: 
-0.791134 -0.600838  0.114455  0.215619
-0.589536  0.798925  0.119018 0.0280121
-0.162952 0.0266839 -0.986273  0.763392
        0         0         0         1
v_world_imu: 0.000329849  -0.0103532 -0.00722097
frame_68
id: 655
stamp: 1783948135.238577127
T_odom_lidar: 
 -0.79112 -0.600655   0.11551  0.215287
-0.589233  0.799069  0.119559 0.0266568
-0.164115 0.0265232 -0.986085  0.762441
        0         0         0         1
T_world_lidar: 
 -0.79112 -0.600655   0.11551  0.215287
-0.589233  0.799069  0.119559 0.0266568
-0.164115 0.0265232 -0.986085  0.762441
        0         0         0         1
v_world_imu: -0.00110815  -0.0169191 -0.00901939
frame_69
id: 656
stamp: 1783948135.339443684
T_odom_lidar: 
-0.791355 -0.600232  0.116093  0.214741
-0.588807  0.799397  0.119459 0.0245509
-0.164508 0.0261783 -0.986028   0.76128
        0         0         0         1
T_world_lidar: 
-0.791355 -0.600232  0.116093  0.214741
-0.588807  0.799397  0.119459 0.0245509
-0.164508 0.0261783 -0.986028   0.76128
        0         0         0         1
v_world_imu: -0.00437985  -0.0243588  -0.0122161
frame_70
id: 657
stamp: 1783948135.440313101
T_odom_lidar: 
-0.791617  -0.59987  0.116184  0.213849
 -0.58853  0.799683  0.118908 0.0217824
 -0.16424 0.0257524 -0.986084  0.759866
        0         0         0         1
T_world_lidar: 
-0.791617  -0.59987  0.116184  0.213849
 -0.58853  0.799683  0.118908 0.0217824
 -0.16424 0.0257524 -0.986084  0.759866
        0         0         0         1
v_world_imu: -0.00836533  -0.0310142  -0.0141828
frame_71
id: 658
stamp: 1783948135.541174889
T_odom_lidar: 
-0.791856 -0.599458  0.116678  0.212423
-0.588243   0.80002  0.118057 0.0183474
-0.164115 0.0248486 -0.986128  0.758265
        0         0         0         1
T_world_lidar: 
-0.791856 -0.599458  0.116678  0.212423
-0.588243   0.80002  0.118057 0.0183474
-0.164115 0.0248486 -0.986128  0.758265
        0         0         0         1
v_world_imu: -0.0137484 -0.0370787 -0.0185607
frame_72
id: 659
stamp: 1783948135.642081499
T_odom_lidar: 
-0.792329   -0.5989  0.116334  0.210537
-0.587899   0.80046  0.116788 0.0144282
-0.163065 0.0241422  -0.98632  0.756155
        0         0         0         1
T_world_lidar: 
-0.792329   -0.5989  0.116334  0.210537
-0.587899   0.80046  0.116788 0.0144282
-0.163065 0.0241422  -0.98632  0.756155
        0         0         0         1
v_world_imu: -0.0196924 -0.0409537 -0.0219691
frame_73
id: 660
stamp: 1783948135.743184805
T_odom_lidar: 
-0.792493 -0.598826  0.115597  0.208159
-0.588072  0.800536  0.115385 0.0104209
-0.161635  0.023462 -0.986572  0.753554
        0         0         0         1
T_world_lidar: 
-0.792493 -0.598826  0.115597  0.208159
-0.588072  0.800536  0.115385 0.0104209
-0.161635  0.023462 -0.986572  0.753554
        0         0         0         1
v_world_imu: -0.0244712 -0.0405445 -0.0236338
frame_74
id: 661
stamp: 1783948135.843784809
T_odom_lidar: 
 -0.792763  -0.598664   0.114576   0.205444
  -0.58813   0.800666   0.114178 0.00660025
 -0.160091  0.0231306  -0.986831    0.75111
         0          0          0          1
T_world_lidar: 
 -0.792763  -0.598664   0.114576   0.205444
  -0.58813   0.800666   0.114178 0.00660025
 -0.160091  0.0231306  -0.986831    0.75111
         0          0          0          1
v_world_imu: -0.0267974 -0.0371155   -0.02341
frame_75
id: 662
stamp: 1783948135.944649696
T_odom_lidar: 
 -0.792732  -0.598797   0.114095   0.202538
 -0.588388   0.800575   0.113485 0.00317798
 -0.159296   0.022831  -0.986967   0.748676
         0          0          0          1
T_world_lidar: 
 -0.792732  -0.598797   0.114095   0.202538
 -0.588388   0.800575   0.113485 0.00317798
 -0.159296   0.022831  -0.986967   0.748676
         0          0          0          1
v_world_imu: -0.0272733 -0.0319951 -0.0227724
frame_76
id: 663
stamp: 1783948136.045523643
T_odom_lidar: 
  -0.792959   -0.598669     0.11319    0.199704
  -0.588339    0.800664    0.113114 0.000286084
  -0.158345   0.0231006   -0.987114    0.746404
          0           0           0           1
T_world_lidar: 
  -0.792959   -0.598669     0.11319    0.199704
  -0.588339    0.800664    0.113114 0.000286084
  -0.158345   0.0231006   -0.987114    0.746404
          0           0           0           1
v_world_imu: -0.0262943  -0.026372 -0.0213247
frame_77
id: 664
stamp: 1783948136.149133205
T_odom_lidar: 
  -0.793205   -0.598556    0.112054    0.195602
  -0.588286    0.800732    0.112906 -0.00256213
  -0.157306   0.0236374   -0.987267    0.744956
          0           0           0           1
T_world_lidar: 
  -0.793205   -0.598556    0.112054    0.195602
  -0.588286    0.800732    0.112906 -0.00256213
  -0.157306   0.0236374   -0.987267    0.744956
          0           0           0           1
v_world_imu: -0.0238669 -0.0195325 -0.0174389
frame_78
id: 665
stamp: 1783948136.248143435
T_odom_lidar: 
  -0.793043   -0.598817    0.111807    0.193295
  -0.588506    0.800526     0.11322 -0.00418393
  -0.157303   0.0239893   -0.987259    0.743299
          0           0           0           1
T_world_lidar: 
  -0.793043   -0.598817    0.111807    0.193295
  -0.588506    0.800526     0.11322 -0.00418393
  -0.157303   0.0239893   -0.987259    0.743299
          0           0           0           1
v_world_imu: -0.0193761  -0.013742 -0.0149359
frame_79
id: 666
stamp: 1783948136.348243237
T_odom_lidar: 
  -0.793107   -0.598743    0.111752    0.191455
  -0.588338    0.800566    0.113806 -0.00535875
  -0.157606   0.0245117   -0.987198    0.741855
          0           0           0           1
T_world_lidar: 
  -0.793107   -0.598743    0.111752    0.191455
  -0.588338    0.800566    0.113806 -0.00535875
  -0.157606   0.0245117   -0.987198    0.741855
          0           0           0           1
v_world_imu: -0.0142604  -0.010335 -0.0120138
frame_80
id: 667
stamp: 1783948136.448985577
T_odom_lidar: 
  -0.792989   -0.598816    0.112193    0.190062
   -0.58826    0.800498     0.11469 -0.00627172
  -0.158488   0.0249492   -0.987046    0.740635
          0           0           0           1
T_world_lidar: 
  -0.792989   -0.598816    0.112193    0.190062
   -0.58826    0.800498     0.11469 -0.00627172
  -0.158488   0.0249492   -0.987046    0.740635
          0           0           0           1
v_world_imu: -0.00963159 -0.00691619  -0.0107825
frame_81
id: 668
stamp: 1783948136.552784681
T_odom_lidar: 
  -0.792939   -0.598799    0.112635    0.189063
  -0.588084    0.800495    0.115603 -0.00687602
  -0.159387   0.0254272   -0.986889     0.73956
          0           0           0           1
T_world_lidar: 
  -0.792939   -0.598799    0.112635    0.189063
  -0.588084    0.800495    0.115603 -0.00687602
  -0.159387   0.0254272   -0.986889     0.73956
          0           0           0           1
v_world_imu: -0.00638515 -0.00422358   -0.009659
frame_82
id: 669
stamp: 1783948136.650717735
T_odom_lidar: 
  -0.792756   -0.598899     0.11339    0.188423
  -0.588049    0.800417    0.116322 -0.00729845
  -0.160425   0.0255361   -0.986718    0.738595
          0           0           0           1
T_world_lidar: 
  -0.792756   -0.598899     0.11339    0.188423
  -0.588049    0.800417    0.116322 -0.00729845
  -0.160425   0.0255361   -0.986718    0.738595
          0           0           0           1
v_world_imu: -0.00328631 -0.00507958 -0.00921558
frame_83
id: 670
stamp: 1783948136.751583338
T_odom_lidar: 
  -0.792783   -0.598729    0.114099    0.187943
  -0.587767    0.800543    0.116879 -0.00805539
   -0.16132   0.0255961    -0.98657    0.737662
          0           0           0           1
T_world_lidar: 
  -0.792783   -0.598729    0.114099    0.187943
  -0.587767    0.800543    0.116879 -0.00805539
   -0.16132   0.0255961    -0.98657    0.737662
          0           0           0           1
v_world_imu: -0.00166562 -0.00800136  -0.0105452
frame_84
id: 671
stamp: 1783948136.852451563
T_odom_lidar: 
   -0.79288   -0.598461    0.114829     0.18768
  -0.587443    0.800749    0.117095 -0.00893339
  -0.162026   0.0253871    -0.98646    0.736276
          0           0           0           1
T_world_lidar: 
   -0.79288   -0.598461    0.114829     0.18768
  -0.587443    0.800749    0.117095 -0.00893339
  -0.162026   0.0253871    -0.98646    0.736276
          0           0           0           1
v_world_imu: -0.0019554 -0.0122039 -0.0111084
frame_85
id: 672
stamp: 1783948136.953315973
T_odom_lidar: 
 -0.792892  -0.598212   0.116042   0.187235
 -0.587173   0.800959   0.117014 -0.0103132
 -0.162944  0.0246427  -0.986328   0.734959
         0          0          0          1
T_world_lidar: 
 -0.792892  -0.598212   0.116042   0.187235
 -0.587173   0.800959   0.117014 -0.0103132
 -0.162944  0.0246427  -0.986328   0.734959
         0          0          0          1
v_world_imu: -0.00378435  -0.0163795  -0.0139116
frame_86
id: 673
stamp: 1783948137.054182053
T_odom_lidar: 
  -0.79294  -0.598054   0.116522   0.186604
 -0.587108   0.801101    0.11637 -0.0120784
 -0.162941  0.0238635  -0.986347   0.733406
         0          0          0          1
T_world_lidar: 
  -0.79294  -0.598054   0.116522   0.186604
 -0.587108   0.801101    0.11637 -0.0120784
 -0.162941  0.0238635  -0.986347   0.733406
         0          0          0          1
v_world_imu: -0.00687613  -0.0191336  -0.0153726
frame_87
id: 674
stamp: 1783948137.155055761
T_odom_lidar: 
 -0.792854  -0.597946    0.11766    0.18563
  -0.58707   0.801214   0.115777 -0.0139211
   -0.1635  0.0227194  -0.986282   0.731676
         0          0          0          1
T_world_lidar: 
 -0.792854  -0.597946    0.11766    0.18563
  -0.58707   0.801214   0.115777 -0.0139211
   -0.1635  0.0227194  -0.986282   0.731676
         0          0          0          1
v_world_imu: -0.00948447  -0.0194247  -0.0179932
frame_88
id: 675
stamp: 1783948137.255920887
T_odom_lidar: 
 -0.793012  -0.597644   0.118126   0.184373
 -0.586901   0.801465   0.114893 -0.0157796
 -0.163339  0.0217828   -0.98633   0.729735
         0          0          0          1
T_world_lidar: 
 -0.793012  -0.597644   0.118126   0.184373
 -0.586901   0.801465   0.114893 -0.0157796
 -0.163339  0.0217828   -0.98633   0.729735
         0          0          0          1
v_world_imu:  -0.014068 -0.0192159 -0.0199179
frame_89
id: 676
stamp: 1783948137.356793165
T_odom_lidar: 
 -0.793319  -0.597224   0.118192    0.18144
 -0.586644     0.8018   0.113868 -0.0179631
 -0.162772   0.020997   -0.98644    0.72808
         0          0          0          1
T_world_lidar: 
 -0.793319  -0.597224   0.118192    0.18144
 -0.586644     0.8018   0.113868 -0.0179631
 -0.162772   0.020997   -0.98644    0.72808
         0          0          0          1
v_world_imu: -0.0216058 -0.0180004 -0.0195783
frame_90
id: 677
stamp: 1783948137.457655907
T_odom_lidar: 
 -0.793377  -0.597072   0.118565   0.178862
 -0.586609   0.801934   0.113104 -0.0194774
 -0.162612  0.0201831  -0.986484    0.72596
         0          0          0          1
T_world_lidar: 
 -0.793377  -0.597072   0.118565   0.178862
 -0.586609   0.801934   0.113104 -0.0194774
 -0.162612  0.0201831  -0.986484    0.72596
         0          0          0          1
v_world_imu:  -0.028653 -0.0133529 -0.0204122
frame_91
id: 678
stamp: 1783948137.558562517
T_odom_lidar: 
 -0.793382  -0.597011   0.118835    0.17554
 -0.586633   0.801994   0.112551 -0.0204808
   -0.1625  0.0195834  -0.986514   0.723906
         0          0          0          1
T_world_lidar: 
 -0.793382  -0.597011   0.118835    0.17554
 -0.586633   0.801994   0.112551 -0.0204808
   -0.1625  0.0195834  -0.986514   0.723906
         0          0          0          1
v_world_imu:  -0.0349886 -0.00715022  -0.0218026
frame_92
id: 679
stamp: 1783948137.659391880
T_odom_lidar: 
 -0.793468  -0.596961   0.118517   0.171629
 -0.586635   0.802032   0.112269 -0.0208231
 -0.162075  0.0195555  -0.986585   0.721651
         0          0          0          1
T_world_lidar: 
 -0.793468  -0.596961   0.118517   0.171629
 -0.586635   0.802032   0.112269 -0.0208231
 -0.162075  0.0195555  -0.986585   0.721651
         0          0          0          1
v_world_imu:  -0.0422251 -0.00171834  -0.0230105
frame_93
id: 680
stamp: 1783948137.760259867
T_odom_lidar: 
 -0.793615  -0.596951   0.117584   0.167114
  -0.58669   0.802032   0.111985 -0.0207511
 -0.161156  0.0198873  -0.986729   0.719234
         0          0          0          1
T_world_lidar: 
 -0.793615  -0.596951   0.117584   0.167114
  -0.58669   0.802032   0.111985 -0.0207511
 -0.161156  0.0198873  -0.986729   0.719234
         0          0          0          1
v_world_imu: -0.0489592 0.00254477 -0.0242734
frame_94
id: 681
stamp: 1783948137.861124992
T_odom_lidar: 
 -0.793593  -0.597132   0.116803   0.161966
 -0.586857   0.801881   0.112186 -0.0201345
 -0.160652  0.0204832  -0.986799   0.716724
         0          0          0          1
T_world_lidar: 
 -0.793593  -0.597132   0.116803   0.161966
 -0.586857   0.801881   0.112186 -0.0201345
 -0.160652  0.0204832  -0.986799   0.716724
         0          0          0          1
v_world_imu: -0.0538587 0.00946979 -0.0251793
frame_95
id: 682
stamp: 1783948137.961996317
T_odom_lidar: 
 -0.793573  -0.597432   0.115396   0.156446
 -0.587169   0.801635   0.112314 -0.0187912
 -0.159605   0.021372   -0.98695   0.714222
         0          0          0          1
T_world_lidar: 
 -0.793573  -0.597432   0.115396   0.156446
 -0.587169   0.801635   0.112314 -0.0187912
 -0.159605   0.021372   -0.98695   0.714222
         0          0          0          1
v_world_imu: -0.0576347  0.0159225 -0.0248004
frame_96
id: 683
stamp: 1783948138.062862158
T_odom_lidar: 
-0.793584 -0.597746  0.113683  0.150789
-0.587482  0.801368   0.11258 -0.016873
-0.158397 0.0225551 -0.987118  0.711558
        0         0         0         1
T_world_lidar: 
-0.793584 -0.597746  0.113683  0.150789
-0.587482  0.801368   0.11258 -0.016873
-0.158397 0.0225551 -0.987118  0.711558
        0         0         0         1
v_world_imu: -0.0592137  0.0198918 -0.0230173
frame_97
id: 684
stamp: 1783948138.163730383
T_odom_lidar: 
 -0.793496  -0.598265   0.111553    0.14495
 -0.588048   0.800946   0.112631 -0.0147502
 -0.156731  0.0237739  -0.987355   0.709464
         0          0          0          1
T_world_lidar: 
 -0.793496  -0.598265   0.111553    0.14495
 -0.588048   0.800946   0.112631 -0.0147502
 -0.156731  0.0237739  -0.987355   0.709464
         0          0          0          1
v_world_imu: -0.0583893  0.0227977 -0.0211268
frame_98
id: 685
stamp: 1783948138.264591217
T_odom_lidar: 
 -0.793378  -0.598738   0.109834   0.139629
 -0.588562   0.800562   0.112672 -0.0120303
  -0.15539  0.0247476  -0.987543   0.706925
         0          0          0          1
T_world_lidar: 
 -0.793378  -0.598738   0.109834   0.139629
 -0.588562   0.800562   0.112672 -0.0120303
  -0.15539  0.0247476  -0.987543   0.706925
         0          0          0          1
v_world_imu: -0.0535404  0.0260482 -0.0150567
frame_99
id: 686
stamp: 1783948138.365468264
T_odom_lidar: 
  -0.793089   -0.599378    0.108422    0.134773
  -0.589247    0.800061    0.112652 -0.00932387
  -0.154266    0.025456   -0.987701    0.705677
          0           0           0           1
T_world_lidar: 
  -0.793089   -0.599378    0.108422    0.134773
  -0.589247    0.800061    0.112652 -0.00932387
  -0.154266    0.025456   -0.987701    0.705677
          0           0           0           1
v_world_imu:  -0.0447565    0.028429 -0.00954802
frame_100
id: 687
stamp: 1783948138.466342926
T_odom_lidar: 
  -0.793286   -0.599281    0.107512    0.130953
   -0.58915    0.800111    0.112803 -0.00622235
  -0.153622   0.0261445   -0.987784    0.705022
          0           0           0           1
T_world_lidar: 
  -0.793286   -0.599281    0.107512    0.130953
   -0.58915    0.800111    0.112803 -0.00622235
  -0.153622   0.0261445   -0.987784    0.705022
          0           0           0           1
v_world_imu:  -0.0347062   0.0317757 -0.00360244
frame_101
id: 688
stamp: 1783948138.571096420
T_odom_lidar: 
  -0.792608   -0.600179    0.107503    0.128112
  -0.590013    0.799436    0.113073 -0.00254909
  -0.153806   0.0261949   -0.987754    0.704828
          0           0           0           1
T_world_lidar: 
  -0.792608   -0.600179    0.107503    0.128112
  -0.590013    0.799436    0.113073 -0.00254909
  -0.153806   0.0261949   -0.987754    0.704828
          0           0           0           1
v_world_imu: -0.0224807  0.0368239 0.00470383
frame_102
id: 689
stamp: 1783948138.668105602
T_odom_lidar: 
  -0.79283  -0.599836    0.10778   0.126807
 -0.589572   0.799682   0.113638 0.00134264
 -0.154354  0.0265517  -0.987659   0.705734
         0          0          0          1
T_world_lidar: 
  -0.79283  -0.599836    0.10778   0.126807
 -0.589572   0.799682   0.113638 0.00134264
 -0.154354  0.0265517  -0.987659   0.705734
         0          0          0          1
v_world_imu: -0.00926651   0.0417006   0.0133398
frame_103
id: 690
stamp: 1783948138.768930435
T_odom_lidar: 
 -0.793187  -0.599448   0.107314   0.125159
 -0.589101   0.799945   0.114226 0.00532795
 -0.154317  0.0273837  -0.987642    0.70838
         0          0          0          1
T_world_lidar: 
 -0.793187  -0.599448   0.107314   0.125159
 -0.589101   0.799945   0.114226 0.00532795
 -0.154317  0.0273837  -0.987642    0.70838
         0          0          0          1
v_world_imu: -0.000483859    0.0463277    0.0227904
frame_104
id: 691
stamp: 1783948138.869802952
T_odom_lidar: 
-0.793008 -0.599647   0.10753  0.125666
-0.589156  0.799777  0.115116 0.0102323
-0.155029 0.0279356 -0.987515  0.711039
        0         0         0         1
T_world_lidar: 
-0.793008 -0.599647   0.10753  0.125666
-0.589156  0.799777  0.115116 0.0102323
-0.155029 0.0279356 -0.987515  0.711039
        0         0         0         1
v_world_imu: 0.00736836  0.0486758  0.0292496
frame_105
id: 692
stamp: 1783948138.970663309
T_odom_lidar: 
-0.792929 -0.599684  0.107904  0.126979
-0.589012  0.799726  0.116199 0.0151719
-0.155976 0.0285814 -0.987347  0.714303
        0         0         0         1
T_world_lidar: 
-0.792929 -0.599684  0.107904  0.126979
-0.589012  0.799726  0.116199 0.0151719
-0.155976 0.0285814 -0.987347  0.714303
        0         0         0         1
v_world_imu: 0.0152728 0.0482724 0.0359876
frame_106
id: 693
stamp: 1783948139.071572304
T_odom_lidar: 
-0.793069  -0.59941  0.108397  0.129002
-0.588507  0.799901   0.11755 0.0199742
-0.157168 0.0294329 -0.987133  0.718268
        0         0         0         1
T_world_lidar: 
-0.793069  -0.59941  0.108397  0.129002
-0.588507  0.799901   0.11755 0.0199742
-0.157168 0.0294329 -0.987133  0.718268
        0         0         0         1
v_world_imu: 0.0220899 0.0477525 0.0394649
frame_107
id: 694
stamp: 1783948139.172397375
T_odom_lidar: 
-0.792634 -0.599943  0.108629  0.131706
-0.588877   0.79948  0.118554 0.0247341
-0.157973  0.030001 -0.986988  0.722429
        0         0         0         1
T_world_lidar: 
-0.792634 -0.599943  0.108629  0.131706
-0.588877   0.79948  0.118554 0.0247341
-0.157973  0.030001 -0.986988  0.722429
        0         0         0         1
v_world_imu: 0.0292869 0.0447156  0.042506
frame_108
id: 695
stamp: 1783948139.274770737
T_odom_lidar: 
-0.792723 -0.599678  0.109439  0.135435
-0.588373  0.799655  0.119874 0.0291158
-0.159399 0.0306364 -0.986739  0.726718
        0         0         0         1
T_world_lidar: 
-0.792723 -0.599678  0.109439  0.135435
-0.588373  0.799655  0.119874 0.0291158
-0.159399 0.0306364 -0.986739  0.726718
        0         0         0         1
v_world_imu: 0.0391247 0.0388789 0.0454933
frame_109
id: 696
stamp: 1783948139.374145508
T_odom_lidar: 
-0.792732 -0.599555  0.110041  0.139876
-0.588099  0.799735  0.120679 0.0325819
-0.160358 0.0309506 -0.986574  0.731451
        0         0         0         1
T_world_lidar: 
-0.792732 -0.599555  0.110041  0.139876
-0.588099  0.799735  0.120679 0.0325819
-0.160358 0.0309506 -0.986574  0.731451
        0         0         0         1
v_world_imu: 0.0471809 0.0305196 0.0464926
frame_110
id: 697
stamp: 1783948139.475003719
T_odom_lidar: 
-0.792786 -0.599271    0.1112  0.145231
-0.587714  0.799961  0.121059 0.0353394
-0.161503 0.0306204 -0.986397  0.735926
        0         0         0         1
T_world_lidar: 
-0.792786 -0.599271    0.1112  0.145231
-0.587714  0.799961  0.121059 0.0353394
-0.161503 0.0306204 -0.986397  0.735926
        0         0         0         1
v_world_imu: 0.0540053 0.0205505 0.0463948
frame_111
id: 698
stamp: 1783948139.575869083
T_odom_lidar: 
-0.793042 -0.598793  0.111943  0.151151
-0.587302  0.800349   0.12049 0.0369805
-0.161742 0.0298091 -0.986383  0.740646
        0         0         0         1
T_world_lidar: 
-0.793042 -0.598793  0.111943  0.151151
-0.587302  0.800349   0.12049 0.0369805
-0.161742 0.0298091 -0.986383  0.740646
        0         0         0         1
v_world_imu:  0.0592329 0.00956432  0.0455951
frame_112
id: 699
stamp: 1783948139.676763058
T_odom_lidar: 
 -0.79369 -0.597782  0.112749  0.157489
-0.586425  0.801145  0.119472 0.0376815
-0.161746 0.0287053 -0.986415  0.745219
        0         0         0         1
T_world_lidar: 
 -0.79369 -0.597782  0.112749  0.157489
-0.586425  0.801145  0.119472 0.0376815
-0.161746 0.0287053 -0.986415  0.745219
        0         0         0         1
v_world_imu:  0.0615869 0.00172661  0.0444002
frame_113
id: 700
stamp: 1783948139.777602911
T_odom_lidar: 
-0.793434 -0.597836  0.114253   0.16381
-0.586632  0.801169  0.118284 0.0377165
 -0.16225  0.026826 -0.986385  0.749681
        0         0         0         1
T_world_lidar: 
-0.793434 -0.597836  0.114253   0.16381
-0.586632  0.801169  0.118284 0.0377165
 -0.16225  0.026826 -0.986385  0.749681
        0         0         0         1
v_world_imu:   0.0624316 -0.00418722    0.041005
frame_114
id: 701
stamp: 1783948139.878471136
T_odom_lidar: 
-0.793616 -0.597363  0.115456  0.170436
-0.586359   0.80158  0.116843 0.0373301
-0.162345 0.0250302 -0.986417  0.753432
        0         0         0         1
T_world_lidar: 
-0.793616 -0.597363  0.115456  0.170436
-0.586359   0.80158  0.116843 0.0373301
-0.162345 0.0250302 -0.986417  0.753432
        0         0         0         1
v_world_imu:   0.0635194 -0.00700625   0.0374395
frame_115
id: 702
stamp: 1783948139.979476690
T_odom_lidar: 
-0.793433 -0.597534  0.115833   0.17587
-0.586829  0.801507  0.114974  0.036412
-0.161541 0.0232498 -0.986592  0.757617
        0         0         0         1
T_world_lidar: 
-0.793433 -0.597534  0.115833   0.17587
-0.586829  0.801507  0.114974  0.036412
-0.161541 0.0232498 -0.986592  0.757617
        0         0         0         1
v_world_imu:   0.0629384 -0.00683602   0.0361605
frame_116
id: 703
stamp: 1783948140.080241203
T_odom_lidar: 
-0.793601  -0.59718  0.116508   0.18251
-0.586672   0.80181  0.113657 0.0361115
 -0.16129 0.0218462 -0.986665  0.761196
        0         0         0         1
T_world_lidar: 
-0.793601  -0.59718  0.116508   0.18251
-0.586672   0.80181  0.113657 0.0361115
 -0.16129 0.0218462 -0.986665  0.761196
        0         0         0         1
v_world_imu:   0.0635252 -0.00172567   0.0341741
frame_117
id: 704
stamp: 1783948140.181074619
T_odom_lidar: 
 -0.79274 -0.598018  0.118061  0.189055
-0.587666  0.801237  0.112552 0.0365172
-0.161903 0.0198443 -0.986607  0.764504
        0         0         0         1
T_world_lidar: 
 -0.79274 -0.598018  0.118061  0.189055
-0.587666  0.801237  0.112552 0.0365172
-0.161903 0.0198443 -0.986607  0.764504
        0         0         0         1
v_world_imu:  0.0633196 0.00457834  0.0310508
frame_118
id: 705
stamp: 1783948140.281941891
T_odom_lidar: 
-0.792263 -0.598465   0.11899  0.195581
-0.588215  0.800933  0.111849 0.0373827
-0.162241 0.0186226 -0.986575   0.76751
        0         0         0         1
T_world_lidar: 
-0.792263 -0.598465   0.11899  0.195581
-0.588215  0.800933  0.111849 0.0373827
-0.162241 0.0186226 -0.986575   0.76751
        0         0         0         1
v_world_imu: 0.0604316 0.0102349 0.0273626
frame_119
id: 706
stamp: 1783948140.382814646
T_odom_lidar: 
-0.791149 -0.599747  0.119947  0.201475
-0.589594  0.800003  0.111239 0.0388518
-0.162673 0.0172865 -0.986529  0.770145
        0         0         0         1
T_world_lidar: 
-0.791149 -0.599747  0.119947  0.201475
-0.589594  0.800003  0.111239 0.0388518
-0.162673 0.0172865 -0.986529  0.770145
        0         0         0         1
v_world_imu: 0.0531021 0.0165851 0.0218764
frame_120
id: 707
stamp: 1783948140.483716249
T_odom_lidar: 
-0.790198 -0.600833  0.120771  0.206751
-0.590672  0.799202  0.111278 0.0410601
 -0.16338 0.0165961 -0.986424  0.771904
        0         0         0         1
T_world_lidar: 
-0.790198 -0.600833  0.120771  0.206751
-0.590672  0.799202  0.111278 0.0410601
 -0.16338 0.0165961 -0.986424  0.771904
        0         0         0         1
v_world_imu: 0.0464704 0.0240196 0.0167465
frame_121
id: 708
stamp: 1783948140.584556103
T_odom_lidar: 
-0.789298 -0.601948   0.12111  0.211416
-0.591817  0.798374  0.111138  0.043947
 -0.16359 0.0160465 -0.986398  0.773459
        0         0         0         1
T_world_lidar: 
-0.789298 -0.601948   0.12111  0.211416
-0.591817  0.798374  0.111138  0.043947
 -0.16359 0.0160465 -0.986398  0.773459
        0         0         0         1
v_world_imu: 0.0412581 0.0311378 0.0141779
frame_122
id: 709
stamp: 1783948140.685414553
T_odom_lidar: 
-0.788903  -0.60229  0.121975  0.215534
-0.592038  0.798117  0.111803 0.0475399
-0.164688 0.0159879 -0.986216  0.774751
        0         0         0         1
T_world_lidar: 
-0.788903  -0.60229  0.121975  0.215534
-0.592038  0.798117  0.111803 0.0475399
-0.164688 0.0159879 -0.986216  0.774751
        0         0         0         1
v_world_imu: 0.0344354 0.0382983 0.0120705
frame_123
id: 710
stamp: 1783948140.786275387
T_odom_lidar: 
 -0.78811 -0.603197  0.122622  0.218784
-0.592737  0.797424  0.113038 0.0517727
-0.165966 0.0164035 -0.985995  0.775862
        0         0         0         1
T_world_lidar: 
 -0.78811 -0.603197  0.122622  0.218784
-0.592737  0.797424  0.113038 0.0517727
-0.165966 0.0164035 -0.985995  0.775862
        0         0         0         1
v_world_imu: 0.0251906 0.0446638 0.0100713
frame_124
id: 711
stamp: 1783948140.887140989
T_odom_lidar: 
-0.787056  -0.60453  0.122828   0.22115
-0.593853  0.796399  0.114401 0.0564772
-0.166979 0.0170988 -0.985812  0.776874
        0         0         0         1
T_world_lidar: 
-0.787056  -0.60453  0.122828   0.22115
-0.593853  0.796399  0.114401 0.0564772
-0.166979 0.0170988 -0.985812  0.776874
        0         0         0         1
v_world_imu: 0.0168492 0.0480957 0.0102594
frame_125
id: 712
stamp: 1783948140.988013506
T_odom_lidar: 
-0.786752 -0.604956  0.122676  0.222755
-0.594009  0.796045  0.116038 0.0613811
-0.167853 0.0184224  -0.98564  0.777911
        0         0         0         1
T_world_lidar: 
-0.786752 -0.604956  0.122676  0.222755
-0.594009  0.796045  0.116038 0.0613811
-0.167853 0.0184224  -0.98564  0.777911
        0         0         0         1
v_world_imu: 0.00832157  0.0487128  0.0101418
frame_126
id: 713
stamp: 1783948141.088889360
T_odom_lidar: 
-0.786014 -0.605907  0.122712  0.223274
-0.594713  0.795298  0.117547 0.0661391
-0.168815 0.0194153 -0.985456  0.779001
        0         0         0         1
T_world_lidar: 
-0.786014 -0.605907  0.122712  0.223274
-0.594713  0.795298  0.117547 0.0661391
-0.168815 0.0194153 -0.985456  0.779001
        0         0         0         1
v_world_imu: -0.00178325   0.0463833  0.00845567
frame_127
id: 714
stamp: 1783948141.189770222
T_odom_lidar: 
-0.785303 -0.606937  0.122175  0.221732
-0.595585  0.794489    0.1186 0.0702061
-0.169049 0.0203714 -0.985397  0.780307
        0         0         0         1
T_world_lidar: 
-0.785303 -0.606937  0.122175  0.221732
-0.595585  0.794489    0.1186 0.0702061
-0.169049 0.0203714 -0.985397  0.780307
        0         0         0         1
v_world_imu: -0.0109194  0.0425483 0.00831374
frame_128
id: 715
stamp: 1783948141.290625811
T_odom_lidar: 
-0.785105 -0.607439  0.120946  0.220677
-0.595956  0.794067  0.119557 0.0742877
-0.168662 0.0217862 -0.985433  0.781016
        0         0         0         1
T_world_lidar: 
-0.785105 -0.607439  0.120946  0.220677
-0.595956  0.794067  0.119557 0.0742877
-0.168662 0.0217862 -0.985433  0.781016
        0         0         0         1
v_world_imu: -0.0176016  0.0376738 0.00833219
frame_129
id: 716
stamp: 1783948141.391489506
T_odom_lidar: 
-0.784732 -0.608204   0.11951   0.21895
-0.596621  0.793442  0.120388 0.0777944
-0.168045 0.0231697 -0.985507  0.781904
        0         0         0         1
T_world_lidar: 
-0.784732 -0.608204   0.11951   0.21895
-0.596621  0.793442  0.120388 0.0777944
-0.168045 0.0231697 -0.985507  0.781904
        0         0         0         1
v_world_imu: -0.0231059  0.0319004 0.00792831
frame_130
id: 717
stamp: 1783948141.492505789
T_odom_lidar: 
-0.784372 -0.608865  0.118505  0.216697
 -0.59722  0.792908  0.120933 0.0806605
-0.167596 0.0240827 -0.985562  0.782678
        0         0         0         1
T_world_lidar: 
-0.784372 -0.608865  0.118505  0.216697
 -0.59722  0.792908  0.120933 0.0806605
-0.167596 0.0240827 -0.985562  0.782678
        0         0         0         1
v_world_imu: -0.0270438  0.0243909 0.00673639
frame_131
id: 718
stamp: 1783948141.593229532
T_odom_lidar: 
-0.784437 -0.609013  0.117311  0.214068
-0.597322  0.792762  0.121388 0.0827897
-0.166927 0.0251487 -0.985648  0.783263
        0         0         0         1
T_world_lidar: 
-0.784437 -0.609013  0.117311  0.214068
-0.597322  0.792762  0.121388 0.0827897
-0.166927 0.0251487 -0.985648  0.783263
        0         0         0         1
v_world_imu: -0.0319795  0.0179753 0.00386827
frame_132
id: 719
stamp: 1783948141.694107771
T_odom_lidar: 
-0.783834 -0.610038  0.116009  0.210936
-0.598397  0.791955  0.121363   0.08434
-0.165909 0.0257089 -0.985806  0.783573
        0         0         0         1
T_world_lidar: 
-0.783834 -0.610038  0.116009  0.210936
-0.598397  0.791955  0.121363   0.08434
-0.165909 0.0257089 -0.985806  0.783573
        0         0         0         1
v_world_imu: -0.0353208  0.0112498 0.00185579
frame_133
id: 720
stamp: 1783948141.794951916
T_odom_lidar: 
-0.783431  -0.61078  0.114824  0.207632
-0.599224  0.791372  0.121084 0.0850916
-0.164824 0.0260555 -0.985979  0.783804
        0         0         0         1
T_world_lidar: 
-0.783431  -0.61078  0.114824  0.207632
-0.599224  0.791372  0.121084 0.0850916
-0.164824 0.0260555 -0.985979  0.783804
        0         0         0         1
v_world_imu:   -0.0343115   0.00303123 -0.000479848
frame_134
id: 721
stamp: 1783948141.895828247
T_odom_lidar: 
-0.783438 -0.610903  0.114117  0.204603
-0.599449  0.791276  0.120595 0.0850603
 -0.16397 0.0260711 -0.986121  0.783725
        0         0         0         1
T_world_lidar: 
-0.783438 -0.610903  0.114117  0.204603
-0.599449  0.791276  0.120595 0.0850603
 -0.16397 0.0260711 -0.986121  0.783725
        0         0         0         1
v_world_imu:  -0.0301381 -0.00387816  -0.0020814
frame_135
id: 722
stamp: 1783948141.996681690
T_odom_lidar: 
-0.783519 -0.610938  0.113372  0.202107
-0.599627  0.791254  0.119852 0.0845178
-0.162928 0.0259248 -0.986297  0.783289
        0         0         0         1
T_world_lidar: 
-0.783519 -0.610938  0.113372  0.202107
-0.599627  0.791254  0.119852 0.0845178
-0.162928 0.0259248 -0.986297  0.783289
        0         0         0         1
v_world_imu:  -0.0253989 -0.00938006 -0.00219965
frame_136
id: 723
stamp: 1783948142.097556114
T_odom_lidar: 
-0.783852 -0.610568  0.113061  0.199892
-0.599383   0.79155  0.119117  0.083406
-0.162223  0.025603 -0.986422  0.783173
        0         0         0         1
T_world_lidar: 
-0.783852 -0.610568  0.113061  0.199892
-0.599383   0.79155  0.119117  0.083406
-0.162223  0.025603 -0.986422  0.783173
        0         0         0         1
v_world_imu:  -0.0216958  -0.0122727 -0.00318101
frame_137
id: 724
stamp: 1783948142.198420525
T_odom_lidar: 
-0.784002 -0.610334  0.113279  0.198058
-0.599213  0.791744  0.118682 0.0822523
-0.162124 0.0251689 -0.986449   0.78256
        0         0         0         1
T_world_lidar: 
-0.784002 -0.610334  0.113279  0.198058
-0.599213  0.791744  0.118682 0.0822523
-0.162124 0.0251689 -0.986449   0.78256
        0         0         0         1
v_world_imu:  -0.0196403  -0.0131496 -0.00411981
frame_138
id: 725
stamp: 1783948142.299282312
T_odom_lidar: 
-0.783884 -0.610553  0.112917  0.196381
-0.599548  0.791586  0.118045 0.0809327
-0.161457 0.0248345 -0.986567  0.782231
        0         0         0         1
T_world_lidar: 
-0.783884 -0.610553  0.112917  0.196381
-0.599548  0.791586  0.118045 0.0809327
-0.161457 0.0248345 -0.986567  0.782231
        0         0         0         1
v_world_imu:  -0.0170277  -0.0144676 -0.00347535
frame_139
id: 726
stamp: 1783948142.400164843
T_odom_lidar: 
-0.784169 -0.610339  0.112092  0.194165
-0.599437  0.791747  0.117527 0.0790341
 -0.16048  0.024969 -0.986723  0.782407
        0         0         0         1
T_world_lidar: 
-0.784169 -0.610339  0.112092  0.194165
-0.599437  0.791747  0.117527 0.0790341
 -0.16048  0.024969 -0.986723  0.782407
        0         0         0         1
v_world_imu:   -0.013823  -0.0155435 4.10403e-05
frame_140
id: 727
stamp: 1783948142.501075268
T_odom_lidar: 
-0.784349 -0.610064  0.112335  0.193144
-0.599146  0.791961  0.117566 0.0775106
-0.160688 0.0249075 -0.986691  0.782498
        0         0         0         1
T_world_lidar: 
-0.784349 -0.610064  0.112335  0.193144
-0.599146  0.791961  0.117566 0.0775106
-0.160688 0.0249075 -0.986691  0.782498
        0         0         0         1
v_world_imu: -0.00898251  -0.0147879  0.00147927
frame_141
id: 728
stamp: 1783948142.601931810
T_odom_lidar: 
-0.784293 -0.610159  0.112207   0.19257
-0.599245  0.791885  0.117573 0.0759834
-0.160593 0.0249722 -0.986705  0.782769
        0         0         0         1
T_world_lidar: 
-0.784293 -0.610159  0.112207   0.19257
-0.599245  0.791885  0.117573 0.0759834
-0.160593 0.0249722 -0.986705  0.782769
        0         0         0         1
v_world_imu: -0.00442802  -0.0151052  0.00422228
frame_142
id: 729
stamp: 1783948142.702761889
T_odom_lidar: 
-0.784354 -0.610069  0.112268  0.192527
 -0.59909  0.791945  0.117958  0.074417
-0.160872 0.0252618 -0.986652  0.783247
        0         0         0         1
T_world_lidar: 
-0.784354 -0.610069  0.112268  0.192527
 -0.59909  0.791945  0.117958  0.074417
-0.160872 0.0252618 -0.986652  0.783247
        0         0         0         1
v_world_imu: 0.00169782 -0.0145366 0.00556683
frame_143
id: 730
stamp: 1783948142.803637266
T_odom_lidar: 
-0.784644 -0.609663  0.112449  0.193044
-0.598609  0.792248  0.118365 0.0729026
 -0.16125 0.0255613 -0.986583  0.783914
        0         0         0         1
T_world_lidar: 
-0.784644 -0.609663  0.112449  0.193044
-0.598609  0.792248  0.118365 0.0729026
 -0.16125 0.0255613 -0.986583  0.783914
        0         0         0         1
v_world_imu: 0.00706436 -0.0152837 0.00730131
frame_144
id: 731
stamp: 1783948142.904493093
T_odom_lidar: 
-0.784746  -0.60946  0.112838  0.193952
-0.598328  0.792401  0.118765 0.0710407
-0.161795 0.0256866  -0.98649   0.78476
        0         0         0         1
T_world_lidar: 
-0.784746  -0.60946  0.112838  0.193952
-0.598328  0.792401  0.118765 0.0710407
-0.161795 0.0256866  -0.98649   0.78476
        0         0         0         1
v_world_imu:  0.0114826 -0.0191527  0.0070844
frame_145
id: 732
stamp: 1783948143.005356789
T_odom_lidar: 
-0.785009  -0.60908   0.11306   0.19544
-0.597935  0.792694  0.118781 0.0689019
-0.161969 0.0256418 -0.986463  0.785282
        0         0         0         1
T_world_lidar: 
-0.785009  -0.60908   0.11306   0.19544
-0.597935  0.792694  0.118781 0.0689019
-0.161969 0.0256418 -0.986463  0.785282
        0         0         0         1
v_world_imu:  0.0156538 -0.0233523 0.00739242
frame_146
id: 733
stamp: 1783948143.106229782
T_odom_lidar: 
-0.785633 -0.608229  0.113305   0.19721
-0.597093   0.79335  0.118637 0.0662999
-0.162049  0.025552 -0.986452  0.786025
        0         0         0         1
T_world_lidar: 
-0.785633 -0.608229  0.113305   0.19721
-0.597093   0.79335  0.118637 0.0662999
-0.162049  0.025552 -0.986452  0.786025
        0         0         0         1
v_world_imu:  0.0179276 -0.0268065 0.00742442
frame_147
id: 734
stamp: 1783948143.207089186
T_odom_lidar: 
-0.785551  -0.60823   0.11387  0.199061
-0.597126  0.793368  0.118351 0.0634051
-0.162325 0.0249758 -0.986421   0.78677
        0         0         0         1
T_world_lidar: 
-0.785551  -0.60823   0.11387  0.199061
-0.597126  0.793368  0.118351 0.0634051
-0.162325 0.0249758 -0.986421   0.78677
        0         0         0         1
v_world_imu:   0.020111 -0.0295849 0.00736356
frame_148
id: 735
stamp: 1783948143.307969809
T_odom_lidar: 
-0.786056 -0.607555  0.113988  0.201255
-0.596511  0.793893   0.11793 0.0602184
-0.162143 0.0247048 -0.986458  0.787513
        0         0         0         1
T_world_lidar: 
-0.786056 -0.607555  0.113988  0.201255
-0.596511  0.793893   0.11793 0.0602184
-0.162143 0.0247048 -0.986458  0.787513
        0         0         0         1
v_world_imu:  0.0230778 -0.0330446 0.00765388
frame_149
id: 736
stamp: 1783948143.408875942
T_odom_lidar: 
  -0.7862 -0.607226  0.114748  0.203584
-0.596255  0.794172  0.117351 0.0567208
-0.162389 0.0238424 -0.986439  0.788189
        0         0         0         1
T_world_lidar: 
  -0.7862 -0.607226  0.114748  0.203584
-0.596255  0.794172  0.117351 0.0567208
-0.162389 0.0238424 -0.986439  0.788189
        0         0         0         1
v_world_imu:  0.0244492 -0.0361049 0.00696521
frame_150
id: 737
stamp: 1783948143.509727001
T_odom_lidar: 
 -0.78661 -0.606508  0.115727  0.206058
 -0.59563  0.794751    0.1166 0.0529583
-0.162693 0.0227884 -0.986413  0.788782
        0         0         0         1
T_world_lidar: 
 -0.78661 -0.606508  0.115727  0.206058
 -0.59563  0.794751    0.1166 0.0529583
-0.162693 0.0227884 -0.986413  0.788782
        0         0         0         1
v_world_imu:  0.0256458 -0.0375701 0.00545561
frame_151
id: 738
stamp: 1783948143.610571146
T_odom_lidar: 
-0.787128  -0.60578  0.116019   0.20849
 -0.59509  0.795334  0.115375 0.0491104
-0.162166 0.0217726 -0.986523  0.789301
        0         0         0         1
T_world_lidar: 
-0.787128  -0.60578  0.116019   0.20849
 -0.59509  0.795334  0.115375 0.0491104
-0.162166 0.0217726 -0.986523  0.789301
        0         0         0         1
v_world_imu:  0.0252665 -0.0367965 0.00227157
frame_152
id: 739
stamp: 1783948143.711474895
T_odom_lidar: 
-0.787582 -0.605152  0.116215  0.210986
-0.594611  0.795833  0.114403 0.0455824
-0.161719 0.0209987 -0.986613  0.789173
        0         0         0         1
T_world_lidar: 
-0.787582 -0.605152  0.116215  0.210986
-0.594611  0.795833  0.114403 0.0455824
-0.161719 0.0209987 -0.986613  0.789173
        0         0         0         1
v_world_imu:    0.023504  -0.0332728 0.000859496
frame_153
id: 740
stamp: 1783948143.812297344
T_odom_lidar: 
 -0.78822 -0.604201  0.116833  0.213038
-0.593814  0.796583  0.113318 0.0420145
-0.161534 0.0199427 -0.986666  0.789715
        0         0         0         1
T_world_lidar: 
 -0.78822 -0.604201  0.116833  0.213038
-0.593814  0.796583  0.113318 0.0420145
-0.161534 0.0199427 -0.986666  0.789715
        0         0         0         1
v_world_imu:   0.0189874  -0.0265691 -0.00154336
frame_154
id: 741
stamp: 1783948143.913165331
T_odom_lidar: 
-0.788277 -0.604139  0.116774  0.214579
-0.593829  0.796638   0.11285  0.039634
-0.161204 0.0196128 -0.986726  0.789335
        0         0         0         1
T_world_lidar: 
-0.788277 -0.604139  0.116774  0.214579
-0.593829  0.796638   0.11285  0.039634
-0.161204 0.0196128 -0.986726  0.789335
        0         0         0         1
v_world_imu:   0.0137564  -0.0193642 -0.00532508
frame_155
id: 742
stamp: 1783948144.014045000
T_odom_lidar: 
-0.788567 -0.603876  0.116172  0.215785
 -0.59359  0.796828  0.112765 0.0380454
-0.160666 0.0199643 -0.986807  0.788403
        0         0         0         1
T_world_lidar: 
-0.788567 -0.603876  0.116172  0.215785
 -0.59359  0.796828  0.112765 0.0380454
-0.160666 0.0199643 -0.986807  0.788403
        0         0         0         1
v_world_imu:  0.00991678  -0.0117913 -0.00794009
frame_156
id: 743
stamp: 1783948144.114897490
T_odom_lidar: 
 -0.78871 -0.603915  0.114995  0.217258
-0.593677  0.796784  0.112622 0.0366135
 -0.15964 0.0205559 -0.986961  0.787211
        0         0         0         1
T_world_lidar: 
 -0.78871 -0.603915  0.114995  0.217258
-0.593677  0.796784  0.112622 0.0366135
 -0.15964 0.0205559 -0.986961  0.787211
        0         0         0         1
v_world_imu: 0.00900163 -0.0060378  -0.010596
frame_157
id: 744
stamp: 1783948144.215759993
T_odom_lidar: 
-0.788819 -0.604025  0.113658  0.218128
-0.593817  0.796679  0.112623 0.0361959
-0.158576 0.0213471 -0.987116  0.786018
        0         0         0         1
T_world_lidar: 
-0.788819 -0.604025  0.113658  0.218128
-0.593817  0.796679  0.112623 0.0361959
-0.158576 0.0213471 -0.987116  0.786018
        0         0         0         1
v_world_imu:  0.00889448 0.000107915   -0.012441
frame_158
id: 745
stamp: 1783948144.316631794
T_odom_lidar: 
-0.789086  -0.60396  0.112147  0.219058
-0.593739  0.796697  0.112905 0.0364141
-0.157537 0.0225056 -0.987257  0.784685
        0         0         0         1
T_world_lidar: 
-0.789086  -0.60396  0.112147  0.219058
-0.593739  0.796697  0.112905 0.0364141
-0.157537 0.0225056 -0.987257  0.784685
        0         0         0         1
v_world_imu:  0.0102819 0.00697058 -0.0134727
frame_159
id: 746
stamp: 1783948144.417537451
T_odom_lidar: 
-0.789099 -0.604284  0.110293  0.220269
-0.594033  0.796409  0.113388 0.0373167
-0.156356 0.0239565  -0.98741  0.783247
        0         0         0         1
T_world_lidar: 
-0.789099 -0.604284  0.110293  0.220269
-0.594033  0.796409  0.113388 0.0373167
-0.156356 0.0239565  -0.98741  0.783247
        0         0         0         1
v_world_imu:  0.0142929  0.0139231 -0.0140056
frame_160
id: 747
stamp: 1783948144.518372059
T_odom_lidar: 
-0.788833 -0.604996  0.108272  0.221992
-0.594689  0.795816  0.114111 0.0388626
-0.155201  0.025626  -0.98755  0.781848
        0         0         0         1
T_world_lidar: 
-0.788833 -0.604996  0.108272  0.221992
-0.594689  0.795816  0.114111 0.0388626
-0.155201  0.025626  -0.98755  0.781848
        0         0         0         1
v_world_imu:   0.020963  0.0184315 -0.0128763
frame_161
id: 748
stamp: 1783948144.619235277
T_odom_lidar: 
-0.788487 -0.605635  0.107217  0.224485
-0.595222  0.795289  0.115004 0.0406807
-0.154919  0.026861 -0.987562  0.780557
        0         0         0         1
T_world_lidar: 
-0.788487 -0.605635  0.107217  0.224485
-0.595222  0.795289  0.115004 0.0406807
-0.154919  0.026861 -0.987562  0.780557
        0         0         0         1
v_world_imu:  0.0309189  0.0212344 -0.0111982
frame_162
id: 749
stamp: 1783948144.720214605
T_odom_lidar: 
-0.788302 -0.605926  0.106933  0.228117
-0.595381  0.795039  0.115906 0.0427857
-0.155246 0.0277031 -0.987487  0.779534
        0         0         0         1
T_world_lidar: 
-0.788302 -0.605926  0.106933  0.228117
-0.595381  0.795039  0.115906 0.0427857
-0.155246 0.0277031 -0.987487  0.779534
        0         0         0         1
v_world_imu:   0.0443344   0.0232773 -0.00781153
frame_163
id: 750
stamp: 1783948144.820969343
T_odom_lidar: 
-0.788109  -0.60608   0.10748  0.232974
-0.595368  0.794906   0.11688  0.044975
-0.156275 0.0281238 -0.987313  0.778783
        0         0         0         1
T_world_lidar: 
-0.788109  -0.60608   0.10748  0.232974
-0.595368  0.794906   0.11688  0.044975
-0.156275 0.0281238 -0.987313  0.778783
        0         0         0         1
v_world_imu:   0.0559633   0.0223635 -0.00549127
frame_164
id: 751
stamp: 1783948144.921829700
T_odom_lidar: 
-0.787913 -0.606105  0.108765  0.238839
 -0.59522  0.794891  0.117735 0.0469186
-0.157816 0.0280262 -0.987071  0.778258
        0         0         0         1
T_world_lidar: 
-0.787913 -0.606105  0.108765  0.238839
 -0.59522  0.794891  0.117735 0.0469186
-0.157816 0.0280262 -0.987071  0.778258
        0         0         0         1
v_world_imu:   0.0647677   0.0202105 -0.00359597
frame_165
id: 752
stamp: 1783948145.022705555
T_odom_lidar: 
-0.787805 -0.605949  0.110401  0.245386
-0.594895  0.795022  0.118489 0.0486989
-0.159569 0.0276693 -0.986799  0.777827
        0         0         0         1
T_world_lidar: 
-0.787805 -0.605949  0.110401  0.245386
-0.594895  0.795022  0.118489 0.0486989
-0.159569 0.0276693 -0.986799  0.777827
        0         0         0         1
v_world_imu:   0.0700926   0.0178766 -0.00352087
frame_166
id: 753
stamp: 1783948145.123582840
T_odom_lidar: 
-0.787442 -0.606175  0.111742  0.252305
-0.595004  0.794865  0.118992 0.0502254
 -0.16095 0.0272122 -0.986587  0.777354
        0         0         0         1
T_world_lidar: 
-0.787442 -0.606175  0.111742  0.252305
-0.595004  0.794865  0.118992 0.0502254
 -0.16095 0.0272122 -0.986587  0.777354
        0         0         0         1
v_world_imu:   0.0727315   0.0161405 -0.00358682
frame_167
id: 754
stamp: 1783948145.224440336
T_odom_lidar: 
-0.787063 -0.606424  0.113058  0.259433
-0.595141  0.794692  0.119467 0.0512055
-0.162294 0.0267429  -0.98638  0.777087
        0         0         0         1
T_world_lidar: 
-0.787063 -0.606424  0.113058  0.259433
-0.595141  0.794692  0.119467 0.0512055
-0.162294 0.0267429  -0.98638  0.777087
        0         0         0         1
v_world_imu:   0.0734494   0.0155304 -0.00254742
frame_168
id: 755
stamp: 1783948145.325338364
T_odom_lidar: 
-0.786102 -0.607427  0.114352  0.266503
-0.595982  0.793936  0.120293 0.0525924
-0.163857 0.0264106 -0.986131  0.776778
        0         0         0         1
T_world_lidar: 
-0.786102 -0.607427  0.114352  0.266503
-0.595982  0.793936  0.120293 0.0525924
-0.163857 0.0264106 -0.986131  0.776778
        0         0         0         1
v_world_imu:   0.0738324   0.0141819 -0.00230189
frame_169
id: 756
stamp: 1783948145.426194906
T_odom_lidar: 
 -0.78558   -0.6079  0.115422  0.273516
-0.596242  0.793569  0.121423 0.0536899
-0.165409 0.0265683 -0.985867  0.776505
        0         0         0         1
T_world_lidar: 
 -0.78558   -0.6079  0.115422  0.273516
-0.596242  0.793569  0.121423 0.0536899
-0.165409 0.0265683 -0.985867  0.776505
        0         0         0         1
v_world_imu:   0.0712019   0.0108723 -0.00197071
frame_170
id: 757
stamp: 1783948145.527032852
T_odom_lidar: 
-0.784328  -0.60929  0.116597  0.280098
-0.597418  0.792505  0.122588 0.0544038
-0.167095 0.0264918 -0.985585  0.776244
        0         0         0         1
T_world_lidar: 
-0.784328  -0.60929  0.116597  0.280098
-0.597418  0.792505  0.122588 0.0544038
-0.167095 0.0264918 -0.985585  0.776244
        0         0         0         1
v_world_imu:   0.0662784  0.00569102 -0.00134927
frame_171
id: 758
stamp: 1783948145.627909660
T_odom_lidar: 
-0.782966 -0.610994  0.116834  0.286208
-0.599017  0.791191  0.123272 0.0543895
-0.167757 0.0265325 -0.985471  0.776155
        0         0         0         1
T_world_lidar: 
-0.782966 -0.610994  0.116834  0.286208
-0.599017  0.791191  0.123272 0.0543895
-0.167757 0.0265325 -0.985471  0.776155
        0         0         0         1
v_world_imu:   0.0605313 -0.00339001  0.00131318
frame_172
id: 759
stamp: 1783948145.728793621
T_odom_lidar: 
-0.780835 -0.613497   0.11798  0.291674
 -0.60137   0.78927  0.124126 0.0534238
-0.169269 0.0259721 -0.985228    0.7764
        0         0         0         1
T_world_lidar: 
-0.780835 -0.613497   0.11798  0.291674
 -0.60137   0.78927  0.124126 0.0534238
-0.169269 0.0259721 -0.985228    0.7764
        0         0         0         1
v_world_imu:    0.05404 -0.0128104  0.0066022
frame_173
id: 760
stamp: 1783948145.829663992
T_odom_lidar: 
-0.779416 -0.615439  0.117246  0.296523
-0.603387  0.787761  0.123921 0.0514554
-0.168627 0.0258409 -0.985341  0.777459
        0         0         0         1
T_world_lidar: 
-0.779416 -0.615439  0.117246  0.296523
-0.603387  0.787761  0.123921 0.0514554
-0.168627 0.0258409 -0.985341  0.777459
        0         0         0         1
v_world_imu:  0.0448225 -0.0247194   0.016446
frame_174
id: 761
stamp: 1783948145.930508375
T_odom_lidar: 
-0.776495 -0.619085  0.117428  0.300207
-0.607047  0.784925  0.124042 0.0482924
-0.168965 0.0250335 -0.985304  0.779631
        0         0         0         1
T_world_lidar: 
-0.776495 -0.619085  0.117428  0.300207
-0.607047  0.784925  0.124042 0.0482924
-0.168965 0.0250335 -0.985304  0.779631
        0         0         0         1
v_world_imu:  0.0328639 -0.0363488  0.0291569
frame_175
id: 762
stamp: 1783948146.031436205
T_odom_lidar: 
 -0.77455 -0.621577   0.11711   0.30404
-0.609469  0.782948   0.12466 0.0450059
-0.169177 0.0251806 -0.985264  0.779036
        0         0         0         1
T_world_lidar: 
 -0.77455 -0.621577   0.11711   0.30404
-0.609469  0.782948   0.12466 0.0450059
-0.169177 0.0251806 -0.985264  0.779036
        0         0         0         1
v_world_imu:  0.0358898 -0.0317821  0.0373147
frame_176
id: 763
stamp: 1783948146.132267237
T_odom_lidar: 
-0.771967  -0.62519  0.114908  0.304536
-0.613238  0.780056  0.124309  0.039808
-0.167351 0.0254965 -0.985568  0.782629
        0         0         0         1
T_world_lidar: 
-0.771967  -0.62519  0.114908  0.304536
-0.613238  0.780056  0.124309  0.039808
-0.167351 0.0254965 -0.985568  0.782629
        0         0         0         1
v_world_imu: -0.0137576 -0.0662729  0.0389721
frame_177
id: 764
stamp: 1783948146.233103514
T_odom_lidar: 
-0.768837  -0.63021   0.10828  0.303677
-0.618542  0.775906  0.123995 0.0344729
-0.162158 0.0283568 -0.986357  0.788147
        0         0         0         1
T_world_lidar: 
-0.768837  -0.63021   0.10828  0.303677
-0.618542  0.775906  0.123995 0.0344729
-0.162158 0.0283568 -0.986357  0.788147
        0         0         0         1
v_world_imu: -0.0293721 -0.0624655  0.0632625
frame_178
id: 765
stamp: 1783948146.333975077
T_odom_lidar: 
-0.765506  -0.63571 0.0993696   0.30007
-0.624084  0.771167  0.125777 0.0286211
-0.156588 0.0342683 -0.987069  0.795377
        0         0         0         1
T_world_lidar: 
-0.765506  -0.63571 0.0993696   0.30007
-0.624084  0.771167  0.125777 0.0286211
-0.156588 0.0342683 -0.987069  0.795377
        0         0         0         1
v_world_imu: -0.0532582  -0.067798    0.10372
frame_179
id: 766
stamp: 1783948146.434880495
T_odom_lidar: 
-0.760698 -0.643285 0.0867339  0.291294
-0.631893  0.764453  0.127759 0.0223618
 -0.14849 0.0423797 -0.988005  0.806329
        0         0         0         1
T_world_lidar: 
-0.760698 -0.643285 0.0867339  0.291294
-0.631893  0.764453  0.127759 0.0223618
 -0.14849 0.0423797 -0.988005  0.806329
        0         0         0         1
v_world_imu:  -0.175326 -0.0583743   0.137693
frame_180
id: 767
stamp: 1783948146.535708666
T_odom_lidar: 
-0.751875 -0.653158 0.0898223  0.261727
-0.641275  0.756138  0.130468 0.0153402
-0.153135 0.0404952 -0.987375  0.821443
        0         0         0         1
T_world_lidar: 
-0.751875 -0.653158 0.0898223  0.261727
-0.641275  0.756138  0.130468 0.0153402
-0.153135 0.0404952 -0.987375  0.821443
        0         0         0         1
v_world_imu:  -0.364035 -0.0700858   0.193181
frame_181
id: 768
stamp: 1783948146.639239311
T_odom_lidar: 
 -0.736927  -0.666842   0.110727   0.211925
 -0.652896    0.74459   0.138969 0.00668019
 -0.175116  0.0301164  -0.984087   0.844037
         0          0          0          1
T_world_lidar: 
 -0.736927  -0.666842   0.110727   0.211925
 -0.652896    0.74459   0.138969 0.00668019
 -0.175116  0.0301164  -0.984087   0.844037
         0          0          0          1
v_world_imu:  -0.586519 -0.0874014   0.233302
frame_182
id: 769
stamp: 1783948146.737442732
T_odom_lidar: 
  -0.720032   -0.678323    0.146395    0.146856
   -0.66127     0.73466     0.15165 -0.00423079
  -0.210418   0.0123861   -0.977533    0.867092
          0           0           0           1
T_world_lidar: 
  -0.720032   -0.678323    0.146395    0.146856
   -0.66127     0.73466     0.15165 -0.00423079
  -0.210418   0.0123861   -0.977533    0.867092
          0           0           0           1
v_world_imu:  -0.65174 -0.108743  0.260068
frame_183
id: 770
stamp: 1783948146.838308334
T_odom_lidar: 
  -0.70225  -0.686807   0.187459  0.0823772
 -0.667116   0.726769   0.163596 -0.0152231
 -0.248598 -0.0101714  -0.968553   0.896932
         0          0          0          1
T_world_lidar: 
  -0.70225  -0.686807   0.187459  0.0823772
 -0.667116   0.726769   0.163596 -0.0152231
 -0.248598 -0.0101714  -0.968553   0.896932
         0          0          0          1
v_world_imu: -0.545617 -0.111063  0.269478
frame_184
id: 771
stamp: 1783948146.939194679
T_odom_lidar: 
 -0.689498  -0.689676   0.221224  0.0309489
 -0.667555   0.723623   0.175331 -0.0273248
 -0.281005 -0.0267889  -0.959332   0.925109
         0          0          0          1
T_world_lidar: 
 -0.689498  -0.689676   0.221224  0.0309489
 -0.667555   0.723623   0.175331 -0.0273248
 -0.281005 -0.0267889  -0.959332   0.925109
         0          0          0          1
v_world_imu: -0.412724 -0.123336  0.275097
frame_185
id: 772
stamp: 1783948147.040044546
T_odom_lidar: 
  -0.674003   -0.695549    0.248859 -0.00514642
  -0.671357    0.717286    0.186495  -0.0441071
  -0.308219   -0.041375   -0.950415    0.950862
          0           0           0           1
T_world_lidar: 
  -0.674003   -0.695549    0.248859 -0.00514642
  -0.671357    0.717286    0.186495  -0.0441071
  -0.308219   -0.041375   -0.950415    0.950862
          0           0           0           1
v_world_imu:  -0.26334 -0.140661  0.305854
frame_186
id: 773
stamp: 1783948147.140912771
T_odom_lidar: 
 -0.659621  -0.700867   0.271451 -0.0248464
 -0.675066   0.711248   0.195991 -0.0593374
 -0.330432 -0.0539676  -0.942285   0.982478
         0          0          0          1
T_world_lidar: 
 -0.659621  -0.700867   0.271451 -0.0248464
 -0.675066   0.711248   0.195991 -0.0593374
 -0.330432 -0.0539676  -0.942285   0.982478
         0          0          0          1
v_world_imu: -0.0944908  -0.153379    0.33001
frame_187
id: 774
stamp: 1783948147.243924856
T_odom_lidar: 
 -0.648016  -0.705743   0.286362 -0.0283005
 -0.678929   0.705658   0.202736 -0.0761649
 -0.345153 -0.0630435  -0.936427    1.01716
         0          0          0          1
T_world_lidar: 
 -0.648016  -0.705743   0.286362 -0.0283005
 -0.678929   0.705658   0.202736 -0.0761649
 -0.345153 -0.0630435  -0.936427    1.01716
         0          0          0          1
v_world_imu: 0.0322053 -0.169244  0.342526
frame_188
id: 775
stamp: 1783948147.342665911
T_odom_lidar: 
 -0.637109  -0.711006   0.297596 -0.0229092
 -0.683893    0.69954   0.207204 -0.0939201
 -0.355503 -0.0715126  -0.931935    1.05114
         0          0          0          1
T_world_lidar: 
 -0.637109  -0.711006   0.297596 -0.0229092
 -0.683893    0.69954   0.207204 -0.0939201
 -0.355503 -0.0715126  -0.931935    1.05114
         0          0          0          1
v_world_imu: 0.0925986 -0.186929   0.34165
frame_189
id: 776
stamp: 1783948147.443515539
T_odom_lidar: 
 -0.627717  -0.715123   0.307523 -0.0102386
 -0.688351   0.694401   0.209715  -0.113444
 -0.363516 -0.0800417  -0.928143    1.08404
         0          0          0          1
T_world_lidar: 
 -0.627717  -0.715123   0.307523 -0.0102386
 -0.688351   0.694401   0.209715  -0.113444
 -0.363516 -0.0800417  -0.928143    1.08404
         0          0          0          1
v_world_imu:  0.163294 -0.202252  0.341908
frame_190
id: 777
stamp: 1783948147.544426918
T_odom_lidar: 
 -0.621451   -0.71913   0.310887 0.00849243
 -0.692688   0.689739   0.210817  -0.134375
 -0.366036 -0.0843352  -0.926771    1.11823
         0          0          0          1
T_world_lidar: 
 -0.621451   -0.71913   0.310887 0.00849243
 -0.692688   0.689739   0.210817  -0.134375
 -0.366036 -0.0843352  -0.926771    1.11823
         0          0          0          1
v_world_imu:  0.203942 -0.216186  0.335181
frame_191
id: 778
stamp: 1783948147.645249367
T_odom_lidar: 
 -0.616015  -0.723747   0.310991  0.0269892
 -0.697799   0.684546   0.210885  -0.156898
 -0.365515 -0.0871008  -0.926721    1.15067
         0          0          0          1
T_world_lidar: 
 -0.616015  -0.723747   0.310991  0.0269892
 -0.697799   0.684546   0.210885  -0.156898
 -0.365515 -0.0871008  -0.926721    1.15067
         0          0          0          1
v_world_imu:  0.140627 -0.236407  0.302117
frame_192
id: 779
stamp: 1783948147.746113539
T_odom_lidar: 
 -0.60553 -0.729079  0.319026  0.031889
-0.704081  0.677652  0.212267  -0.18198
-0.370948 -0.096086 -0.923669   1.17781
        0         0         0         1
T_world_lidar: 
 -0.60553 -0.729079  0.319026  0.031889
-0.704081  0.677652  0.212267  -0.18198
-0.370948 -0.096086 -0.923669   1.17781
        0         0         0         1
v_world_imu: -0.0426463  -0.261443   0.234228
frame_193
id: 780
stamp: 1783948147.846983671
T_odom_lidar: 
-0.588483 -0.732624   0.34198 0.0189071
-0.709611  0.670732  0.215804 -0.209371
 -0.38748 -0.115676 -0.914592   1.19736
        0         0         0         1
T_world_lidar: 
-0.588483 -0.732624   0.34198 0.0189071
-0.709611  0.670732  0.215804 -0.209371
 -0.38748 -0.115676 -0.914592   1.19736
        0         0         0         1
v_world_imu: -0.165052 -0.273281  0.166389
frame_194
id: 781
stamp: 1783948147.947875977
T_odom_lidar: 
  -0.570157   -0.736094    0.364811 -0.00112997
  -0.715321    0.663197    0.220194   -0.236405
  -0.404025   -0.135412    -0.90467     1.21096
          0           0           0           1
T_world_lidar: 
  -0.570157   -0.736094    0.364811 -0.00112997
  -0.715321    0.663197    0.220194   -0.236405
  -0.404025   -0.135412    -0.90467     1.21096
          0           0           0           1
v_world_imu: -0.195534 -0.254766  0.118539
frame_195
id: 782
stamp: 1783948148.048715115
T_odom_lidar: 
-0.556621 -0.736621  0.384138 -0.022661
-0.718004   0.65915  0.223586 -0.261172
-0.417903  -0.15136 -0.895794    1.2169
        0         0         0         1
T_world_lidar: 
-0.556621 -0.736621  0.384138 -0.022661
-0.718004   0.65915  0.223586 -0.261172
-0.417903  -0.15136 -0.895794    1.2169
        0         0         0         1
v_world_imu: -0.214051 -0.227482 0.0558267
frame_196
id: 783
stamp: 1783948148.149594069
T_odom_lidar: 
-0.543935 -0.737577  0.400144 -0.046324
-0.721463  0.654583  0.225859  -0.28254
-0.428516 -0.165836 -0.888185   1.21851
        0         0         0         1
T_world_lidar: 
-0.543935 -0.737577  0.400144 -0.046324
-0.721463  0.654583  0.225859  -0.28254
-0.428516 -0.165836 -0.888185   1.21851
        0         0         0         1
v_world_imu:  -0.231801  -0.192726 -0.0138731
frame_197
id: 784
stamp: 1783948148.250458479
T_odom_lidar: 
 -0.537106  -0.735072   0.413747 -0.0705732
 -0.721492    0.65446   0.226122  -0.299739
 -0.436997  -0.177064  -0.881863    1.21476
         0          0          0          1
T_world_lidar: 
 -0.537106  -0.735072   0.413747 -0.0705732
 -0.721492    0.65446   0.226122  -0.299739
 -0.436997  -0.177064  -0.881863    1.21476
         0          0          0          1
v_world_imu:  -0.217788  -0.141053 -0.0780938
frame_198
id: 785
stamp: 1783948148.351319075
T_odom_lidar: 
 -0.536802  -0.732516   0.418646 -0.0922512
 -0.720369   0.656236   0.224552  -0.311738
 -0.439218  -0.181039   -0.87995    1.20495
         0          0          0          1
T_world_lidar: 
 -0.536802  -0.732516   0.418646 -0.0922512
 -0.720369   0.656236   0.224552  -0.311738
 -0.439218  -0.181039   -0.87995    1.20495
         0          0          0          1
v_world_imu:  -0.173074 -0.0840243  -0.116071
frame_199
id: 786
stamp: 1783948148.452186108
T_odom_lidar: 
-0.544626 -0.728698  0.415189 -0.106654
-0.716554  0.661549  0.221142 -0.316926
-0.435814 -0.177065 -0.882448   1.19256
        0         0         0         1
T_world_lidar: 
-0.544626 -0.728698  0.415189 -0.106654
-0.716554  0.661549  0.221142 -0.316926
-0.435814 -0.177065 -0.882448   1.19256
        0         0         0         1
v_world_imu:  -0.112188 -0.0238748  -0.151739
frame_200
id: 787
stamp: 1783948148.554976702
T_odom_lidar: 
 -0.55932 -0.724266  0.403236 -0.113398
-0.711275  0.669139  0.215269 -0.315623
-0.425733 -0.166408 -0.889415   1.17596
        0         0         0         1
T_world_lidar: 
 -0.55932 -0.724266  0.403236 -0.113398
-0.711275  0.669139  0.215269 -0.315623
-0.425733 -0.166408 -0.889415   1.17596
        0         0         0         1
v_world_imu: -0.0252376  0.0426194  -0.172603
frame_201
id: 788
stamp: 1783948148.653930187
T_odom_lidar: 
-0.581249  -0.71964  0.379826 -0.109501
-0.704184   0.67875  0.208383 -0.308476
-0.407767 -0.146345 -0.901282   1.16114
        0         0         0         1
T_world_lidar: 
-0.581249  -0.71964  0.379826 -0.109501
-0.704184   0.67875  0.208383 -0.308476
-0.407767 -0.146345 -0.901282   1.16114
        0         0         0         1
v_world_imu: 0.0849545  0.096755 -0.201643
frame_202
id: 789
stamp: 1783948148.754826307
T_odom_lidar: 
 -0.604859  -0.714802   0.351003 -0.0949396
 -0.697401   0.688259   0.199826  -0.295622
 -0.384417  -0.123924  -0.914804    1.13903
         0          0          0          1
T_world_lidar: 
 -0.604859  -0.714802   0.351003 -0.0949396
 -0.697401   0.688259   0.199826  -0.295622
 -0.384417  -0.123924  -0.914804    1.13903
         0          0          0          1
v_world_imu:  0.143609  0.141237 -0.244248
frame_203
id: 790
stamp: 1783948148.855663538
T_odom_lidar: 
 -0.630942  -0.706302   0.321015 -0.0752135
 -0.687305   0.700797   0.191035  -0.279303
 -0.359895  -0.100103  -0.927607    1.11019
         0          0          0          1
T_world_lidar: 
 -0.630942  -0.706302   0.321015 -0.0752135
 -0.687305   0.700797   0.191035  -0.279303
 -0.359895  -0.100103  -0.927607    1.11019
         0          0          0          1
v_world_imu:  0.213257   0.16902 -0.263324
frame_204
id: 791
stamp: 1783948148.956526279
T_odom_lidar: 
 -0.656296  -0.698212   0.285965 -0.0495269
 -0.677815   0.712086    0.18303   -0.26151
 -0.331425 -0.0737095  -0.940598    1.08328
         0          0          0          1
T_world_lidar: 
 -0.656296  -0.698212   0.285965 -0.0495269
 -0.677815   0.712086    0.18303   -0.26151
 -0.331425 -0.0737095  -0.940598    1.08328
         0          0          0          1
v_world_imu:  0.241125  0.170642 -0.292622
frame_205
id: 792
stamp: 1783948149.057389736
T_odom_lidar: 
 -0.678465  -0.687683   0.258415 -0.0239368
 -0.667308   0.724006   0.174687  -0.243944
 -0.307223  -0.053923  -0.950109    1.05296
         0          0          0          1
T_world_lidar: 
 -0.678465  -0.687683   0.258415 -0.0239368
 -0.667308   0.724006   0.174687  -0.243944
 -0.307223  -0.053923  -0.950109    1.05296
         0          0          0          1
v_world_imu:  0.237575  0.159555 -0.318313
frame_206
id: 793
stamp: 1783948149.158257008
T_odom_lidar: 
 -0.697392  -0.676672   0.236135  0.0016558
  -0.65695    0.73526   0.166761  -0.227284
 -0.286463 -0.0388307  -0.957304    1.01884
         0          0          0          1
T_world_lidar: 
 -0.697392  -0.676672   0.236135  0.0016558
  -0.65695    0.73526   0.166761  -0.227284
 -0.286463 -0.0388307  -0.957304    1.01884
         0          0          0          1
v_world_imu:  0.241151  0.146175 -0.328589
frame_207
id: 794
stamp: 1783948149.259132862
T_odom_lidar: 
 -0.713765  -0.665949   0.216912  0.0277135
  -0.64715   0.745521   0.159355  -0.212292
 -0.267835 -0.0266326  -0.963097    0.98593
         0          0          0          1
T_world_lidar: 
 -0.713765  -0.665949   0.216912  0.0277135
  -0.64715   0.745521   0.159355  -0.212292
 -0.267835 -0.0266326  -0.963097    0.98593
         0          0          0          1
v_world_imu:  0.254857  0.133628 -0.333264
