1784036391.365667343 0.000784 0.002449 0.105737 0.992431 -0.118025 -0.008576 0.032808
1784036391.466529846 0.000708 0.003065 0.100913 0.992417 -0.118117 -0.008622 0.032916
1784036391.567367554 0.000610 0.003536 0.097333 0.992405 -0.118186 -0.008695 0.032983
1784036391.668859482 0.000480 0.003908 0.094814 0.992397 -0.118238 -0.008719 0.033036
1784036391.769069433 0.000342 0.004209 0.093321 0.992389 -0.118302 -0.008734 0.033049
1784036391.870026350 0.000230 0.004427 0.092747 0.992383 -0.118347 -0.008779 0.033071
1784036391.970793962 0.000149 0.004584 0.093044 0.992379 -0.118380 -0.008836 0.033052
1784036392.071691751 0.000098 0.004656 0.094230 0.992373 -0.118432 -0.008852 0.033045
1784036392.172551632 0.000095 0.004595 0.096342 0.992374 -0.118435 -0.008877 0.032996
1784036392.273382902 0.000104 0.004441 0.099395 0.992373 -0.118462 -0.008897 0.032924
1784036392.375601530 0.000135 0.004206 0.103550 0.992371 -0.118486 -0.008949 0.032870
1784036392.475108147 0.000161 0.003852 0.108652 0.992369 -0.118526 -0.009000 0.032773
1784036392.575962067 0.000264 0.003335 0.115024 0.992366 -0.118566 -0.009084 0.032689
