1784036391.365667343 -0.000949 -0.001968 0.035898 -0.029263 -0.017134 -0.785211 0.618299
1784036391.466529846 -0.001035 -0.001366 0.031075 -0.029372 -0.017178 -0.785266 0.618223
1784036391.567367554 -0.001144 -0.000903 0.027495 -0.029471 -0.017175 -0.785307 0.618167
1784036391.668859482 -0.001278 -0.000537 0.024978 -0.029525 -0.017194 -0.785338 0.618124
1784036391.769069433 -0.001419 -0.000238 0.023485 -0.029545 -0.017194 -0.785377 0.618073
1784036391.870026350 -0.001537 -0.000023 0.022911 -0.029592 -0.017177 -0.785404 0.618037
1784036391.970793962 -0.001626 0.000139 0.023208 -0.029619 -0.017123 -0.785425 0.618011
1784036392.071691751 -0.001680 0.000212 0.024394 -0.029626 -0.017107 -0.785458 0.617969
1784036392.172551632 -0.001685 0.000158 0.026505 -0.029608 -0.017055 -0.785460 0.617968
1784036392.273382902 -0.001678 0.000015 0.029558 -0.029572 -0.016989 -0.785479 0.617948
1784036392.375601530 -0.001653 -0.000212 0.033712 -0.029570 -0.016915 -0.785495 0.617930
1784036392.475108147 -0.001633 -0.000552 0.038814 -0.029538 -0.016811 -0.785521 0.617901
1784036392.575962067 -0.001540 -0.001056 0.045185 -0.029538 -0.016691 -0.785548 0.617870
