id: 1
T_world_origin: 
  0.715042   0.653703  -0.247766  -0.361747
 -0.606738   0.756354   0.244536  -0.267342
  0.347253 -0.0245239   0.937451   0.272811
         0          0          0          1
T_origin_endpoint_L: 
   0.857389    0.296802    0.420466   -0.159064
 -0.0768116    0.881609   -0.465687    0.442309
  -0.508904    0.366979     0.77868 -0.00373935
          0           0           0           1
T_origin_endpoint_R: 
   0.84165  -0.127665   0.524717   0.131671
  0.176069   0.983432 -0.0431448   0.573419
 -0.510515   0.128699   0.850183   -0.20984
         0          0          0          1
T_lidar_imu: 
-2.22045e-16            1            0            0
           1 -2.22045e-16            0            0
           0            0           -1         0.07
           0            0            0            1
imu_bias:   0.00134507   0.00106445   0.00714477 -0.000514463  0.000474037  -0.00120839
frame_id: 2
num_frames: 42
frame_0
id: 688
stamp: 1783948391.230741739
T_odom_lidar: 
 0.684987  0.684272  0.250129 -0.112298
 0.573716 -0.718228  0.393699  0.151148
 0.449046 -0.126176 -0.884555  0.254559
        0         0         0         1
T_world_lidar: 
 0.684987  0.684272  0.250129 -0.112298
 0.573716 -0.718228  0.393699  0.151148
 0.449046 -0.126176 -0.884555  0.254559
        0         0         0         1
v_world_imu:  -0.238112  0.0126966 -0.0402225
frame_1
id: 689
stamp: 1783948391.331565380
T_odom_lidar: 
  0.678685   0.681616   0.273469   -0.13813
  0.583102  -0.726481   0.363618   0.153893
  0.446518 -0.0873222  -0.890504   0.252249
         0          0          0          1
T_world_lidar: 
  0.678685   0.681616   0.273469   -0.13813
  0.583102  -0.726481   0.363618   0.153893
  0.446518 -0.0873222  -0.890504   0.252249
         0          0          0          1
v_world_imu:   -0.245103 0.000972444  -0.0209513
frame_2
id: 690
stamp: 1783948391.432466030
T_odom_lidar: 
  0.685026   0.668683   0.289139  -0.163589
  0.583372  -0.741218   0.332074   0.155172
  0.436367 -0.0588042  -0.897845   0.252012
         0          0          0          1
T_world_lidar: 
  0.685026   0.668683   0.289139  -0.163589
  0.583372  -0.741218   0.332074   0.155172
  0.436367 -0.0588042  -0.897845   0.252012
         0          0          0          1
v_world_imu:    -0.24081  -0.0165403 -0.00217265
frame_3
id: 691
stamp: 1783948391.533295631
T_odom_lidar: 
  0.691572   0.657908   0.298136  -0.188243
  0.586928  -0.752428   0.298943   0.154924
  0.421003 -0.0317563  -0.906503    0.25236
         0          0          0          1
T_world_lidar: 
  0.691572   0.657908   0.298136  -0.188243
  0.586928  -0.752428   0.298943   0.154924
  0.421003 -0.0317563  -0.906503    0.25236
         0          0          0          1
v_world_imu:   -0.239976  -0.0453224 -0.00397029
frame_4
id: 692
stamp: 1783948391.637135983
T_odom_lidar: 
   0.695462    0.648163    0.310189   -0.215347
   0.590643   -0.761498    0.266948    0.150051
   0.409234 -0.00244105   -0.912426    0.251407
          0           0           0           1
T_world_lidar: 
   0.695462    0.648163    0.310189   -0.215347
   0.590643   -0.761498    0.266948    0.150051
   0.409234 -0.00244105   -0.912426    0.251407
          0           0           0           1
v_world_imu:  -0.258795  -0.102161 -0.0114131
frame_5
id: 693
stamp: 1783948391.735215664
T_odom_lidar: 
 0.687975  0.646521  0.329699 -0.243028
 0.601548 -0.762152    0.2393  0.139444
 0.405993 0.0336976 -0.913255   0.25073
        0         0         0         1
T_world_lidar: 
 0.687975  0.646521  0.329699 -0.243028
 0.601548 -0.762152    0.2393  0.139444
 0.405993 0.0336976 -0.913255   0.25073
        0         0         0         1
v_world_imu:   -0.278035   -0.145211 -0.00380803
frame_6
id: 694
stamp: 1783948391.835898876
T_odom_lidar: 
 0.674444  0.647978  0.353907 -0.272517
 0.618697 -0.757587  0.208028   0.12632
 0.402913 0.0786584 -0.911852  0.251589
        0         0         0         1
T_world_lidar: 
 0.674444  0.647978  0.353907 -0.272517
 0.618697 -0.757587  0.208028   0.12632
 0.402913 0.0786584 -0.911852  0.251589
        0         0         0         1
v_world_imu: -0.267261 -0.151282 0.0262015
frame_7
id: 695
stamp: 1783948391.936752081
T_odom_lidar: 
 0.674036  0.637896  0.372511 -0.298172
 0.627211 -0.760607  0.167579  0.115044
 0.390232  0.120688 -0.912772  0.256515
        0         0         0         1
T_world_lidar: 
 0.674036  0.637896  0.372511 -0.298172
 0.627211 -0.760607  0.167579  0.115044
 0.390232  0.120688 -0.912772  0.256515
        0         0         0         1
v_world_imu: -0.211981 -0.129049 0.0639096
frame_8
id: 696
stamp: 1783948392.037620306
T_odom_lidar: 
 0.681088  0.628942  0.374901 -0.315767
 0.637373 -0.761278  0.119213  0.105452
 0.360382  0.157757 -0.919368  0.264788
        0         0         0         1
T_world_lidar: 
 0.681088  0.628942  0.374901 -0.315767
 0.637373 -0.761278  0.119213  0.105452
 0.360382  0.157757 -0.919368  0.264788
        0         0         0         1
v_world_imu: -0.141461 -0.139644 0.0798616
frame_9
id: 697
stamp: 1783948392.138496876
T_odom_lidar: 
 0.698247  0.615737   0.36513 -0.326583
  0.63629 -0.767542 0.0775504 0.0926651
 0.328003  0.178179 -0.927721  0.273968
        0         0         0         1
T_world_lidar: 
 0.698247  0.615737   0.36513 -0.326583
  0.63629 -0.767542 0.0775504 0.0926651
 0.328003  0.178179 -0.927721  0.273968
        0         0         0         1
v_world_imu: -0.0989503  -0.178037   0.085981
frame_10
id: 698
stamp: 1783948392.239350319
T_odom_lidar: 
 0.711421  0.604802  0.357902 -0.336338
 0.635281  -0.77122 0.0404673 0.0758352
 0.300496  0.198579 -0.932882  0.283066
        0         0         0         1
T_world_lidar: 
 0.711421  0.604802  0.357902 -0.336338
 0.635281  -0.77122 0.0404673 0.0758352
 0.300496  0.198579 -0.932882  0.283066
        0         0         0         1
v_world_imu: -0.106951 -0.209277 0.0876649
frame_11
id: 699
stamp: 1783948392.340840101
T_odom_lidar: 
   0.712402    0.603409    0.358303   -0.347122
   0.648374   -0.761289 -0.00707195   0.0573812
   0.268505    0.237352   -0.933579    0.291684
          0           0           0           1
T_world_lidar: 
   0.712402    0.603409    0.358303   -0.347122
   0.648374   -0.761289 -0.00707195   0.0573812
   0.268505    0.237352   -0.933579    0.291684
          0           0           0           1
v_world_imu: -0.104727 -0.222475 0.0743049
frame_12
id: 700
stamp: 1783948392.441096783
T_odom_lidar: 
  0.703134   0.612838     0.3606  -0.357738
  0.673803  -0.736256 -0.0625824  0.0385879
  0.227141   0.286977  -0.930619   0.298304
         0          0          0          1
T_world_lidar: 
  0.703134   0.612838     0.3606  -0.357738
  0.673803  -0.736256 -0.0625824  0.0385879
  0.227141   0.286977  -0.930619   0.298304
         0          0          0          1
v_world_imu: -0.100478 -0.233835 0.0588597
frame_13
id: 701
stamp: 1783948392.541942596
T_odom_lidar: 
 0.690005  0.623531  0.367563 -0.368339
 0.699367 -0.705186  -0.11661 0.0183413
  0.18649  0.337523 -0.922659  0.302939
        0         0         0         1
T_world_lidar: 
 0.690005  0.623531  0.367563 -0.368339
 0.699367 -0.705186  -0.11661 0.0183413
  0.18649  0.337523 -0.922659  0.302939
        0         0         0         1
v_world_imu: -0.106481 -0.249021 0.0422672
frame_14
id: 702
stamp: 1783948392.642837286
T_odom_lidar: 
   0.683822    0.623431    0.379106    -0.37948
   0.711742   -0.684337   -0.158447 -0.00508106
   0.160656    0.378176   -0.911687    0.306334
          0           0           0           1
T_world_lidar: 
   0.683822    0.623431    0.379106    -0.37948
   0.711742   -0.684337   -0.158447 -0.00508106
   0.160656    0.378176   -0.911687    0.306334
          0           0           0           1
v_world_imu: -0.0903809  -0.279009  0.0406723
frame_15
id: 703
stamp: 1783948392.743706226
T_odom_lidar: 
 0.688715  0.616239  0.381996  -0.38569
 0.709452 -0.681429 -0.179811 -0.034373
 0.149497  0.394846 -0.906503  0.310708
        0         0         0         1
T_world_lidar: 
 0.688715  0.616239  0.381996  -0.38569
 0.709452 -0.681429 -0.179811 -0.034373
 0.149497  0.394846 -0.906503  0.310708
        0         0         0         1
v_world_imu: -0.0203125  -0.332081  0.0558241
frame_16
id: 704
stamp: 1783948392.844536304
T_odom_lidar: 
  0.693401     0.6201   0.366975  -0.382961
  0.707766  -0.681663  -0.185481 -0.0694402
  0.135137   0.388345  -0.911551    0.31742
         0          0          0          1
T_world_lidar: 
  0.693401     0.6201   0.366975  -0.382961
  0.707766  -0.681663  -0.185481 -0.0694402
  0.135137   0.388345  -0.911551    0.31742
         0          0          0          1
v_world_imu:  0.054765 -0.358839 0.0771688
frame_17
id: 705
stamp: 1783948392.945399046
T_odom_lidar: 
 0.699853  0.623319  0.348825 -0.373344
  0.70447 -0.683018 -0.192896 -0.105137
 0.118017  0.380735 -0.917122  0.325229
        0         0         0         1
T_world_lidar: 
 0.699853  0.623319  0.348825 -0.373344
  0.70447 -0.683018 -0.192896 -0.105137
 0.118017  0.380735 -0.917122  0.325229
        0         0         0         1
v_world_imu:  0.118437 -0.352677 0.0623126
frame_18
id: 706
stamp: 1783948393.046265841
T_odom_lidar: 
 0.704014  0.630264  0.327309 -0.357866
 0.704499 -0.677994 -0.209775 -0.138594
0.0897001  0.378273 -0.921338  0.330839
        0         0         0         1
T_world_lidar: 
 0.704014  0.630264  0.327309 -0.357866
 0.704499 -0.677994 -0.209775 -0.138594
0.0897001  0.378273 -0.921338  0.330839
        0         0         0         1
v_world_imu:  0.148948 -0.336908 0.0375624
frame_19
id: 707
stamp: 1783948393.147132874
T_odom_lidar: 
 0.692119  0.651392  0.310899 -0.340619
 0.719972 -0.653549 -0.233483 -0.169922
0.0510986  0.385437 -0.921318  0.333276
        0         0         0         1
T_world_lidar: 
 0.692119  0.651392  0.310899 -0.340619
 0.719972 -0.653549 -0.233483 -0.169922
0.0510986  0.385437 -0.921318  0.333276
        0         0         0         1
v_world_imu:   0.162916  -0.325505 -0.0101814
frame_20
id: 708
stamp: 1783948393.247992992
T_odom_lidar: 
 0.679344  0.670148  0.298987 -0.322532
 0.733621  -0.62973 -0.255422 -0.200354
0.0171104  0.392863 -0.919438  0.330367
        0         0         0         1
T_world_lidar: 
 0.679344  0.670148  0.298987 -0.322532
 0.733621  -0.62973 -0.255422 -0.200354
0.0171104  0.392863 -0.919438  0.330367
        0         0         0         1
v_world_imu:   0.172853  -0.302884 -0.0421179
frame_21
id: 709
stamp: 1783948393.348866940
T_odom_lidar: 
   0.667813    0.684822    0.291623   -0.302742
   0.744302   -0.611058   -0.269485    -0.22783
-0.00635086    0.397022   -0.917787    0.326278
          0           0           0           1
T_world_lidar: 
   0.667813    0.684822    0.291623   -0.302742
   0.744302   -0.611058   -0.269485    -0.22783
-0.00635086    0.397022   -0.917787    0.326278
          0           0           0           1
v_world_imu:   0.214145  -0.250189 -0.0371513
frame_22
id: 710
stamp: 1783948393.449725389
T_odom_lidar: 
  0.653655    0.70432    0.27689  -0.276463
   0.75604  -0.591414  -0.280415  -0.248275
-0.0337454   0.392635  -0.919075   0.322706
         0          0          0          1
T_world_lidar: 
  0.653655    0.70432    0.27689  -0.276463
   0.75604  -0.591414  -0.280415  -0.248275
-0.0337454   0.392635  -0.919075   0.322706
         0          0          0          1
v_world_imu:   0.287887   -0.16444 -0.0327916
frame_23
id: 711
stamp: 1783948393.550618649
T_odom_lidar: 
 0.642485  0.723052  0.253789 -0.243441
 0.763966 -0.578559 -0.285703 -0.260758
-0.059746  0.377446 -0.924102  0.318995
        0         0         0         1
T_world_lidar: 
 0.642485  0.723052  0.253789 -0.243441
 0.763966 -0.578559 -0.285703 -0.260758
-0.059746  0.377446 -0.924102  0.318995
        0         0         0         1
v_world_imu:   0.338157 -0.0939558 -0.0458447
frame_24
id: 712
stamp: 1783948393.652228117
T_odom_lidar: 
  0.633153   0.739129   0.229793    -0.2058
  0.769783  -0.570246  -0.286801  -0.267002
-0.0809443    0.35848  -0.930022   0.313766
         0          0          0          1
T_world_lidar: 
  0.633153   0.739129   0.229793    -0.2058
  0.769783  -0.570246  -0.286801  -0.267002
-0.0809443    0.35848  -0.930022   0.313766
         0          0          0          1
v_world_imu:   0.370356 -0.0282134 -0.0672031
frame_25
id: 713
stamp: 1783948393.752490282
T_odom_lidar: 
  0.620103   0.755941   0.209823  -0.166361
  0.778489  -0.559821  -0.283821    -0.2655
-0.0970886   0.339343  -0.935639   0.305646
         0          0          0          1
T_world_lidar: 
  0.620103   0.755941   0.209823  -0.166361
  0.778489  -0.559821  -0.283821    -0.2655
-0.0970886   0.339343  -0.935639   0.305646
         0          0          0          1
v_world_imu:  0.403488 0.0678167 -0.100623
frame_26
id: 714
stamp: 1783948393.853176594
T_odom_lidar: 
 0.609432  0.769591  0.190587 -0.122315
 0.786008 -0.554979 -0.272377 -0.254563
-0.103847  0.315798 -0.943126  0.294398
        0         0         0         1
T_world_lidar: 
 0.609432  0.769591  0.190587 -0.122315
 0.786008 -0.554979 -0.272377 -0.254563
-0.103847  0.315798 -0.943126  0.294398
        0         0         0         1
v_world_imu:  0.443664  0.161855 -0.133405
frame_27
id: 715
stamp: 1783948393.954043150
T_odom_lidar: 
   0.59982   0.782794   0.165676 -0.0746431
  0.792624   -0.55301  -0.256762  -0.235357
 -0.109371    0.28533  -0.952168   0.280215
         0          0          0          1
T_world_lidar: 
   0.59982   0.782794   0.165676 -0.0746431
  0.792624   -0.55301  -0.256762  -0.235357
 -0.109371    0.28533  -0.952168   0.280215
         0          0          0          1
v_world_imu:  0.463643  0.234659 -0.146765
frame_28
id: 716
stamp: 1783948394.054937601
T_odom_lidar: 
  0.600795   0.787593   0.136904 -0.0247478
  0.792001  -0.563185  -0.235707  -0.210601
 -0.108539    0.25004  -0.962133   0.267962
         0          0          0          1
T_world_lidar: 
  0.600795   0.787593   0.136904 -0.0247478
  0.792001  -0.563185  -0.235707  -0.210601
 -0.108539    0.25004  -0.962133   0.267962
         0          0          0          1
v_world_imu:  0.47906 0.274545 -0.12892
frame_29
id: 717
stamp: 1783948394.155776024
T_odom_lidar: 
 0.591698  0.799108  0.106394 0.0260397
  0.79966 -0.565068 -0.203082 -0.184946
-0.102165  0.205242 -0.973364   0.25597
        0         0         0         1
T_world_lidar: 
 0.591698  0.799108  0.106394 0.0260397
  0.79966 -0.565068 -0.203082 -0.184946
-0.102165  0.205242 -0.973364   0.25597
        0         0         0         1
v_world_imu:  0.474756  0.264341 -0.119069
frame_30
id: 718
stamp: 1783948394.256643057
T_odom_lidar: 
 0.574449  0.814473 0.0815057 0.0744393
 0.813922 -0.557806 -0.162431 -0.160852
-0.086831  0.159647 -0.983348  0.246598
        0         0         0         1
T_world_lidar: 
 0.574449  0.814473 0.0815057 0.0744393
 0.813922 -0.557806 -0.162431 -0.160852
-0.086831  0.159647 -0.983348  0.246598
        0         0         0         1
v_world_imu:  0.444066  0.263383 -0.102187
frame_31
id: 719
stamp: 1783948394.357516766
T_odom_lidar: 
  0.564074    0.82357  0.0596042   0.120709
  0.822776    -0.5545  -0.124779  -0.135289
-0.0697138   0.119426  -0.990393   0.240411
         0          0          0          1
T_world_lidar: 
  0.564074    0.82357  0.0596042   0.120709
  0.822776    -0.5545  -0.124779  -0.135289
-0.0697138   0.119426  -0.990393   0.240411
         0          0          0          1
v_world_imu:    0.43097   0.282155 -0.0622592
frame_32
id: 720
stamp: 1783948394.458371878
T_odom_lidar: 
  0.543297   0.838866  0.0336551   0.166236
  0.837393  -0.538607 -0.0931375  -0.109639
 -0.060003  0.0787839  -0.995084   0.234488
         0          0          0          1
T_world_lidar: 
  0.543297   0.838866  0.0336551   0.166236
  0.837393  -0.538607 -0.0931375  -0.109639
 -0.060003  0.0787839  -0.995084   0.234488
         0          0          0          1
v_world_imu:   0.439025   0.264311 -0.0517074
frame_33
id: 721
stamp: 1783948394.559228897
T_odom_lidar: 
  0.518493   0.855075 0.00327921   0.210595
   0.85381  -0.517509 -0.0565085 -0.0863836
 -0.046622  0.0320991  -0.998397   0.230633
         0          0          0          1
T_world_lidar: 
  0.518493   0.855075 0.00327921   0.210595
   0.85381  -0.517509 -0.0565085 -0.0863836
 -0.046622  0.0320991  -0.998397   0.230633
         0          0          0          1
v_world_imu:   0.390219   0.236102 -0.0348986
frame_34
id: 722
stamp: 1783948394.660096884
T_odom_lidar: 
   0.504425     0.86335  -0.0135039    0.244891
   0.863302   -0.504569  -0.0109988  -0.0662816
 -0.0163094 -0.00610985   -0.999848    0.230162
          0           0           0           1
T_world_lidar: 
   0.504425     0.86335  -0.0135039    0.244891
   0.863302   -0.504569  -0.0109988  -0.0662816
 -0.0163094 -0.00610985   -0.999848    0.230162
          0           0           0           1
v_world_imu:   0.258491   0.222662 0.00588508
frame_35
id: 723
stamp: 1783948394.760969400
T_odom_lidar: 
    0.49528     0.86872 -0.00473297    0.265259
   0.868589   -0.495091   0.0209087  -0.0466676
  0.0158206  -0.0144667    -0.99977    0.230109
          0           0           0           1
T_world_lidar: 
    0.49528     0.86872 -0.00473297    0.265259
   0.868589   -0.495091   0.0209087  -0.0466676
  0.0158206  -0.0144667    -0.99977    0.230109
          0           0           0           1
v_world_imu:   0.159329   0.260029 -0.0109648
frame_36
id: 724
stamp: 1783948394.861822367
T_odom_lidar: 
   0.503587    0.863899 -0.00881188    0.280022
   0.863731    -0.50321   0.0273644  -0.0190395
  0.0192059  -0.0213915   -0.999587      0.2278
          0           0           0           1
T_world_lidar: 
   0.503587    0.863899 -0.00881188    0.280022
   0.863731    -0.50321   0.0273644  -0.0190395
  0.0192059  -0.0213915   -0.999587      0.2278
          0           0           0           1
v_world_imu:   0.147705    0.27484 -0.0812384
frame_37
id: 725
stamp: 1783948394.962693453
T_odom_lidar: 
  0.512203   0.857807 -0.0426096   0.296176
  0.858815   -0.51101  0.0361348 0.00623685
0.00922273 -0.0551021  -0.998438   0.217466
         0          0          0          1
T_world_lidar: 
  0.512203   0.857807 -0.0426096   0.296176
  0.858815   -0.51101  0.0361348 0.00623685
0.00922273 -0.0551021  -0.998438   0.217466
         0          0          0          1
v_world_imu:  0.115708  0.237539 -0.123969
frame_38
id: 726
stamp: 1783948395.063642263
T_odom_lidar: 
  0.523312   0.847869 -0.0852225   0.305176
  0.852125  -0.520076  0.0583403  0.0245699
0.00514276   -0.10315  -0.994652   0.206819
         0          0          0          1
T_world_lidar: 
  0.523312   0.847869 -0.0852225   0.305176
  0.852125  -0.520076  0.0583403  0.0245699
0.00514276   -0.10315  -0.994652   0.206819
         0          0          0          1
v_world_imu: -0.000622358     0.147311    -0.082061
frame_39
id: 727
stamp: 1783948395.164425611
T_odom_lidar: 
  0.53941  0.835503 -0.104747  0.300623
 0.841867 -0.532558 0.0874216 0.0334526
 0.017257 -0.135339 -0.990649  0.199574
        0         0         0         1
T_world_lidar: 
  0.53941  0.835503 -0.104747  0.300623
 0.841867 -0.532558 0.0874216 0.0334526
 0.017257 -0.135339 -0.990649  0.199574
        0         0         0         1
v_world_imu: -0.114875 0.0698284  -0.05911
frame_40
id: 728
stamp: 1783948395.265339136
T_odom_lidar: 
 0.538484  0.836406  -0.10227  0.283798
 0.841882 -0.528891  0.107281 0.0363286
0.0356407 -0.143869 -0.988955  0.193382
        0         0         0         1
T_world_lidar: 
 0.538484  0.836406  -0.10227  0.283798
 0.841882 -0.528891  0.107281 0.0363286
0.0356407 -0.143869 -0.988955  0.193382
        0         0         0         1
v_world_imu:  -0.210044  0.0169843 -0.0621733
frame_41
id: 729
stamp: 1783948395.366145134
T_odom_lidar: 
  0.53179  0.842839 -0.082592  0.257755
 0.844663 -0.520825  0.123633  0.034441
0.0611871 -0.135509 -0.988885  0.187301
        0         0         0         1
T_world_lidar: 
  0.53179  0.842839 -0.082592  0.257755
 0.844663 -0.520825  0.123633  0.034441
0.0611871 -0.135509 -0.988885  0.187301
        0         0         0         1
v_world_imu:  -0.276917 -0.0329105 -0.0684528
