1783948391.230741739 -0.094789 0.178706 0.192640 0.237698 -0.034961 -0.395780 0.886361
1783948391.231670618 -0.095033 0.178721 0.192609 0.237634 -0.035160 -0.395756 0.886381
1783948391.241730452 -0.098099 0.178930 0.192399 0.236728 -0.037071 -0.395696 0.886572
1783948391.251661777 -0.100976 0.179100 0.192168 0.235812 -0.038940 -0.395576 0.886790
1783948391.261749506 -0.103754 0.179247 0.191916 0.234832 -0.040714 -0.395422 0.887039
1783948391.271722317 -0.106355 0.179359 0.191648 0.233853 -0.042462 -0.395277 0.887280
1783948391.281667709 -0.108823 0.179430 0.191367 0.233003 -0.044268 -0.395134 0.887479
1783948391.291673899 -0.111161 0.179478 0.191081 0.232077 -0.046028 -0.395046 0.887671
1783948391.301760674 -0.113361 0.179505 0.190793 0.231014 -0.047695 -0.395025 0.887870
1783948391.313448191 -0.115832 0.179506 0.190484 0.229776 -0.049534 -0.395155 0.888032
1783948391.321731806 -0.117291 0.179446 0.190214 0.229004 -0.050879 -0.395267 0.888106
1783948391.331565380 -0.118988 0.179346 0.189913 0.228041 -0.052397 -0.395533 0.888147
1783948391.331565380 -0.118988 0.179346 0.189913 0.228041 -0.052397 -0.395533 0.888147
1783948391.331681967 -0.119025 0.179347 0.189913 0.228030 -0.052415 -0.395535 0.888148
1783948391.341719627 -0.122208 0.179437 0.189893 0.226984 -0.053868 -0.395882 0.888174
1783948391.351664066 -0.125199 0.179481 0.189860 0.225877 -0.055223 -0.396332 0.888173
1783948391.361722946 -0.128072 0.179480 0.189816 0.224793 -0.056544 -0.396887 0.888117
1783948391.371698380 -0.130753 0.179438 0.189761 0.223699 -0.057819 -0.397553 0.888013
1783948391.381676197 -0.133269 0.179359 0.189698 0.222584 -0.059039 -0.398284 0.887886
1783948391.391697168 -0.135625 0.179246 0.189625 0.221452 -0.060253 -0.399072 0.887733
1783948391.401728392 -0.137805 0.179102 0.189542 0.220239 -0.061414 -0.399843 0.887608
1783948391.413154125 -0.140170 0.178909 0.189455 0.218786 -0.062647 -0.400700 0.887495
1783948391.421739578 -0.141636 0.178708 0.189332 0.217773 -0.063656 -0.401234 0.887431
1783948391.431711435 -0.143272 0.178444 0.189185 0.216566 -0.064779 -0.401780 0.887398
1783948391.432466030 -0.143349 0.178417 0.189163 0.216487 -0.064890 -0.401805 0.887398
1783948391.432466030 -0.143349 0.178417 0.189163 0.216487 -0.064890 -0.401805 0.887398
1783948391.441736460 -0.146281 0.178377 0.189289 0.215332 -0.065934 -0.402205 0.887421
1783948391.451664925 -0.149299 0.178305 0.189397 0.214012 -0.067017 -0.402613 0.887474
1783948391.461706400 -0.152171 0.178193 0.189473 0.212642 -0.068058 -0.403033 0.887534
1783948391.473379850 -0.155419 0.178023 0.189544 0.210983 -0.069101 -0.403576 0.887602
1783948391.481725216 -0.157394 0.177822 0.189523 0.209896 -0.070001 -0.403946 0.887621
1783948391.491731644 -0.159718 0.177557 0.189490 0.208515 -0.071026 -0.404467 0.887628
1783948391.502287388 -0.162011 0.177229 0.189421 0.207005 -0.072005 -0.405036 0.887643
1783948391.512371778 -0.163979 0.176857 0.189306 0.205572 -0.072941 -0.405601 0.887642
1783948391.521687746 -0.165593 0.176450 0.189152 0.204285 -0.073848 -0.406101 0.887635
1783948391.531727791 -0.167225 0.175950 0.188958 0.202952 -0.074813 -0.406647 0.887610
1783948391.533295631 -0.167373 0.175850 0.188905 0.202779 -0.075028 -0.406714 0.887601
1783948391.533295631 -0.167373 0.175850 0.188905 0.202779 -0.075028 -0.406714 0.887601
1783948391.542243481 -0.170307 0.175548 0.188977 0.201620 -0.075914 -0.407178 0.887577
1783948391.551726818 -0.173301 0.175176 0.189019 0.200335 -0.076852 -0.407687 0.887553
1783948391.561731100 -0.176329 0.174720 0.189023 0.198966 -0.077784 -0.408235 0.887528
1783948391.571686268 -0.179176 0.174185 0.188978 0.197710 -0.078765 -0.408723 0.887498
1783948391.581732988 -0.181898 0.173570 0.188890 0.196516 -0.079863 -0.409175 0.887457
1783948391.591714621 -0.184428 0.172886 0.188755 0.195355 -0.081022 -0.409549 0.887435
1783948391.603554487 -0.187382 0.172014 0.188558 0.193898 -0.082263 -0.409940 0.887460
1783948391.611696243 -0.189012 0.171317 0.188346 0.192978 -0.083285 -0.410114 0.887485
1783948391.621814013 -0.191059 0.170386 0.188068 0.191850 -0.084513 -0.410285 0.887534
1783948391.631778717 -0.192909 0.169360 0.187753 0.190901 -0.085812 -0.410373 0.887574
1783948391.637135983 -0.193633 0.168737 0.187537 0.190455 -0.086681 -0.410372 0.887586
1783948391.637135983 -0.193633 0.168737 0.187537 0.190455 -0.086681 -0.410372 0.887586
1783948391.641726017 -0.195045 0.168290 0.187529 0.190077 -0.087427 -0.410374 0.887593
1783948391.651731968 -0.198405 0.167301 0.187566 0.189047 -0.088757 -0.410397 0.887670
1783948391.661704302 -0.201580 0.166225 0.187568 0.188090 -0.090122 -0.410360 0.887753
1783948391.671735287 -0.204615 0.165058 0.187541 0.187171 -0.091621 -0.410278 0.887831
1783948391.681776762 -0.207484 0.163812 0.187489 0.186291 -0.093213 -0.410140 0.887914
1783948391.691716909 -0.210140 0.162509 0.187410 0.185399 -0.094844 -0.409940 0.888021
1783948391.702459574 -0.212877 0.161043 0.187306 0.184421 -0.096597 -0.409641 0.888174
1783948391.711751699 -0.214967 0.159713 0.187169 0.183582 -0.098191 -0.409250 0.888353
1783948391.721778870 -0.217105 0.158231 0.187008 0.182695 -0.099920 -0.408695 0.888598
1783948391.734683037 -0.219885 0.156283 0.186819 0.181502 -0.102069 -0.407842 0.888990
1783948391.735215664 -0.219949 0.156195 0.186802 0.181465 -0.102192 -0.407795 0.889006
1783948391.735215664 -0.219949 0.156195 0.186802 0.181465 -0.102192 -0.407795 0.889006
1783948391.741742611 -0.222220 0.155289 0.186861 0.180929 -0.103558 -0.407218 0.889221
1783948391.751768112 -0.225850 0.153890 0.186984 0.179959 -0.105482 -0.406273 0.889624
1783948391.762416840 -0.229546 0.152361 0.187099 0.178896 -0.107501 -0.405283 0.890048
1783948391.771782875 -0.232508 0.150968 0.187169 0.178020 -0.109339 -0.404462 0.890373
1783948391.781766891 -0.235522 0.149460 0.187246 0.177101 -0.111298 -0.403670 0.890673
1783948391.791981220 -0.238401 0.147903 0.187334 0.176026 -0.113297 -0.403027 0.890925
1783948391.801683187 -0.240870 0.146399 0.187420 0.174949 -0.115122 -0.402521 0.891132
1783948391.811751842 -0.243241 0.144810 0.187522 0.173888 -0.116943 -0.402116 0.891286
1783948391.821757317 -0.245359 0.143205 0.187629 0.172841 -0.118759 -0.401833 0.891377
1783948391.831811190 -0.247251 0.141573 0.187746 0.171734 -0.120487 -0.401659 0.891437
1783948391.835898876 -0.247744 0.140882 0.187759 0.171339 -0.121313 -0.401615 0.891421
1783948391.835898876 -0.247744 0.140882 0.187759 0.171339 -0.121313 -0.401615 0.891421
1783948391.841791153 -0.249713 0.140040 0.187988 0.170742 -0.122520 -0.401523 0.891412
1783948391.851776600 -0.253223 0.138645 0.188447 0.169561 -0.124416 -0.401433 0.891415
1783948391.862472296 -0.256767 0.137150 0.188965 0.168199 -0.126308 -0.401400 0.891422
1783948391.871774673 -0.259488 0.135836 0.189403 0.167018 -0.127970 -0.401451 0.891384
1783948391.881724358 -0.262204 0.134443 0.189883 0.165635 -0.129720 -0.401557 0.891342
1783948391.891720772 -0.264666 0.133050 0.190372 0.164158 -0.131433 -0.401717 0.891292
1783948391.901723623 -0.266853 0.131659 0.190868 0.162557 -0.133061 -0.401892 0.891265
1783948391.911763668 -0.268770 0.130264 0.191373 0.160893 -0.134629 -0.402084 0.891245
1783948391.923401117 -0.270798 0.128670 0.191993 0.158831 -0.136304 -0.402250 0.891285
1783948391.931757927 -0.271763 0.127496 0.192402 0.157336 -0.137533 -0.402350 0.891316
1783948391.936752081 -0.272096 0.126775 0.192621 0.156455 -0.138332 -0.402388 0.891330
1783948391.936752081 -0.272096 0.126775 0.192621 0.156455 -0.138332 -0.402388 0.891330
1783948391.941781521 -0.273478 0.126159 0.192998 0.155568 -0.139185 -0.402400 0.891348
1783948391.951789379 -0.276476 0.124977 0.193816 0.153604 -0.140754 -0.402331 0.891473
1783948391.961724997 -0.279139 0.123797 0.194618 0.151495 -0.142148 -0.402255 0.891647
1783948391.971781254 -0.281535 0.122585 0.195425 0.149323 -0.143414 -0.402188 0.891841
1783948391.981786728 -0.283622 0.121354 0.196225 0.147161 -0.144654 -0.402154 0.892015
1783948391.991691589 -0.285391 0.120111 0.197014 0.144969 -0.145816 -0.402230 0.892150
1783948392.001727104 -0.286889 0.118823 0.197804 0.142669 -0.146859 -0.402433 0.892259
1783948392.011767864 -0.288069 0.117494 0.198577 0.140296 -0.147653 -0.402771 0.892352
1783948392.021765232 -0.288936 0.116121 0.199326 0.137934 -0.148275 -0.403201 0.892423
1783948392.031801939 -0.289534 0.114682 0.200056 0.135616 -0.148835 -0.403709 0.892455
1783948392.037620306 -0.289524 0.113797 0.200432 0.134352 -0.149216 -0.404059 0.892424
1783948392.037620306 -0.289524 0.113797 0.200432 0.134352 -0.149216 -0.404059 0.892424
1783948392.041784048 -0.290357 0.113242 0.200801 0.133484 -0.149545 -0.404279 0.892399
1783948392.052758694 -0.293043 0.111815 0.201865 0.131033 -0.150202 -0.404775 0.892428
1783948392.061797619 -0.294814 0.110565 0.202700 0.129053 -0.150625 -0.405264 0.892423
1783948392.071782589 -0.296590 0.109141 0.203616 0.126882 -0.151027 -0.405897 0.892378
1783948392.081700563 -0.298062 0.107661 0.204501 0.124845 -0.151388 -0.406616 0.892277
1783948392.091709137 -0.299259 0.106110 0.205370 0.122824 -0.151621 -0.407414 0.892154
1783948392.101819038 -0.300179 0.104497 0.206218 0.120721 -0.151786 -0.408246 0.892033
1783948392.111722231 -0.300792 0.102855 0.207018 0.118716 -0.151916 -0.409054 0.891910
1783948392.121718168 -0.301167 0.101134 0.207803 0.116812 -0.152042 -0.409788 0.891802
1783948392.131798029 -0.301300 0.099342 0.208568 0.114928 -0.152203 -0.410503 0.891691
1783948392.138496876 -0.301024 0.098094 0.209027 0.113716 -0.152342 -0.411003 0.891592
1783948392.138496876 -0.301024 0.098094 0.209027 0.113716 -0.152342 -0.411003 0.891592
1783948392.141717196 -0.301514 0.097532 0.209327 0.113164 -0.152414 -0.411269 0.891528
1783948392.151685715 -0.303545 0.095811 0.210319 0.111379 -0.152561 -0.411920 0.891427
1783948392.161746740 -0.305363 0.094022 0.211285 0.109588 -0.152752 -0.412547 0.891326
1783948392.171679735 -0.306906 0.092205 0.212204 0.107823 -0.152992 -0.413191 0.891202
1783948392.181723595 -0.308237 0.090315 0.213106 0.106091 -0.153258 -0.413834 0.891066
1783948392.191715240 -0.309312 0.088392 0.213976 0.104363 -0.153595 -0.414446 0.890927
1783948392.201688290 -0.310144 0.086438 0.214820 0.102561 -0.153996 -0.415007 0.890806
1783948392.215165615 -0.311384 0.083768 0.215982 0.100043 -0.154561 -0.415476 0.890776
1783948392.221749067 -0.311372 0.082397 0.216471 0.098890 -0.154945 -0.415776 0.890698
1783948392.231811523 -0.311521 0.080292 0.217238 0.097062 -0.155602 -0.416003 0.890679
1783948392.239350319 -0.311285 0.078668 0.217765 0.095707 -0.156203 -0.416173 0.890641
1783948392.239350319 -0.311285 0.078668 0.217765 0.095707 -0.156203 -0.416173 0.890641
1783948392.245797396 -0.312530 0.077346 0.218408 0.094538 -0.156692 -0.416350 0.890597
1783948392.251730680 -0.313555 0.076113 0.218982 0.093436 -0.157186 -0.416445 0.890582
1783948392.261760235 -0.315527 0.074033 0.219983 0.091401 -0.158019 -0.416430 0.890652
1783948392.274268866 -0.317963 0.071423 0.221218 0.088742 -0.159077 -0.416185 0.890847
1783948392.281777859 -0.318830 0.069814 0.221871 0.087165 -0.159837 -0.416059 0.890926
1783948392.291780472 -0.320030 0.067672 0.222743 0.084961 -0.160912 -0.415728 0.891100
1783948392.301716089 -0.320961 0.065527 0.223565 0.082674 -0.162064 -0.415304 0.891304
1783948392.312034130 -0.321694 0.063285 0.224378 0.080252 -0.163269 -0.414758 0.891560
1783948392.321755648 -0.322057 0.061149 0.225087 0.077915 -0.164407 -0.414190 0.891822
1783948392.331749439 -0.322206 0.058931 0.225770 0.075479 -0.165631 -0.413517 0.892117
1783948392.340840101 -0.322041 0.056886 0.226333 0.073240 -0.166873 -0.412855 0.892379
1783948392.340840101 -0.322041 0.056886 0.226333 0.073240 -0.166873 -0.412855 0.892379
1783948392.341692448 -0.322166 0.056698 0.226402 0.073043 -0.167000 -0.412807 0.892394
1783948392.351721525 -0.324384 0.054516 0.227302 0.070502 -0.168359 -0.411860 0.892780
1783948392.361719608 -0.326338 0.052313 0.228145 0.067883 -0.169704 -0.410826 0.893205
1783948392.371766567 -0.328053 0.050072 0.228941 0.065248 -0.171068 -0.409675 0.893669
1783948392.381686449 -0.329484 0.047838 0.229676 0.062642 -0.172446 -0.408445 0.894154
1783948392.391777754 -0.330696 0.045556 0.230384 0.059892 -0.173896 -0.407164 0.894646
1783948392.403338194 -0.331924 0.042940 0.231166 0.056635 -0.175523 -0.405634 0.895235
1783948392.411755085 -0.332296 0.041011 0.231656 0.054252 -0.176698 -0.404653 0.895595
1783948392.421727419 -0.332636 0.038719 0.232215 0.051381 -0.177946 -0.403461 0.896055
1783948392.431722641 -0.332711 0.036401 0.232729 0.048516 -0.179196 -0.402313 0.896482
1783948392.441096783 -0.332496 0.034207 0.233161 0.045872 -0.180517 -0.401241 0.896836
1783948392.441096783 -0.332496 0.034207 0.233161 0.045872 -0.180517 -0.401241 0.896836
1783948392.441699982 -0.332584 0.034067 0.233200 0.045710 -0.180615 -0.401182 0.896851
1783948392.451744795 -0.334782 0.031743 0.233935 0.042969 -0.182175 -0.399795 0.897290
1783948392.461724758 -0.336681 0.029413 0.234616 0.040210 -0.183608 -0.398404 0.897745
1783948392.471702099 -0.338309 0.027065 0.235246 0.037496 -0.184977 -0.397002 0.898202
1783948392.481729746 -0.339698 0.024697 0.235827 0.034813 -0.186465 -0.395565 0.898636
1783948392.491748095 -0.340831 0.022321 0.236357 0.032147 -0.188042 -0.394111 0.899046
1783948392.502411604 -0.341818 0.019781 0.236876 0.029300 -0.189654 -0.392530 0.899496
1783948392.511784554 -0.342307 0.017532 0.237276 0.026818 -0.191039 -0.391237 0.899844
1783948392.521733761 -0.342649 0.015126 0.237670 0.024277 -0.192530 -0.389860 0.900195
1783948392.532057524 -0.342792 0.012608 0.238046 0.021757 -0.194102 -0.388461 0.900527
1783948392.541727781 -0.342627 0.010232 0.238348 0.019446 -0.195653 -0.387240 0.900770
1783948392.541942596 -0.342609 0.010179 0.238353 0.019395 -0.195690 -0.387221 0.900771
1783948392.541942596 -0.342609 0.010179 0.238353 0.019395 -0.195690 -0.387221 0.900771
1783948392.551757336 -0.344832 0.007729 0.238899 0.017199 -0.197307 -0.385682 0.901124
1783948392.561736345 -0.346847 0.005211 0.239417 0.015023 -0.198851 -0.384220 0.901447
1783948392.571765184 -0.348612 0.002651 0.239906 0.012952 -0.200358 -0.382929 0.901695
1783948392.581738949 -0.350101 0.000083 0.240362 0.011000 -0.201906 -0.381834 0.901840
1783948392.591731787 -0.351328 -0.002510 0.240791 0.009110 -0.203475 -0.380942 0.901886
1783948392.601752758 -0.352277 -0.005128 0.241191 0.007238 -0.204984 -0.380264 0.901847
1783948392.611765623 -0.352929 -0.007770 0.241557 0.005451 -0.206384 -0.379798 0.901737
1783948392.621732950 -0.353273 -0.010431 0.241892 0.003785 -0.207642 -0.379554 0.901559
1783948392.631740570 -0.353327 -0.013135 0.242204 0.002234 -0.208833 -0.379473 0.901323
1783948392.641747475 -0.353085 -0.015872 0.242497 0.000779 -0.210007 -0.379541 0.901025
1783948392.642837286 -0.352942 -0.016172 0.242516 0.000613 -0.210134 -0.379642 0.900952
1783948392.642837286 -0.352942 -0.016172 0.242516 0.000613 -0.210134 -0.379642 0.900952
1783948392.651749134 -0.354759 -0.018728 0.242958 -0.000475 -0.211309 -0.379530 0.900725
1783948392.661708355 -0.356597 -0.021627 0.243445 -0.001617 -0.212422 -0.379375 0.900527
1783948392.671783924 -0.358132 -0.024602 0.243923 -0.002677 -0.213382 -0.379330 0.900316
1783948392.681739330 -0.359311 -0.027583 0.244386 -0.003636 -0.214222 -0.379378 0.900093
1783948392.691990614 -0.360215 -0.030692 0.244862 -0.004529 -0.215005 -0.379467 0.899865
1783948392.701708078 -0.360674 -0.033667 0.245305 -0.005375 -0.215579 -0.379705 0.899623
1783948392.711735964 -0.360829 -0.036777 0.245763 -0.006180 -0.215950 -0.379978 0.899413
1783948392.724240303 -0.360879 -0.040727 0.246363 -0.006996 -0.216204 -0.379967 0.899351
1783948392.731759071 -0.360215 -0.043111 0.246695 -0.007592 -0.216210 -0.380466 0.899133
1783948392.741819620 -0.359325 -0.046355 0.247174 -0.008261 -0.216106 -0.380803 0.899010
1783948392.743706226 -0.358951 -0.046960 0.247253 -0.008431 -0.216050 -0.381055 0.898915
1783948392.743706226 -0.358951 -0.046960 0.247253 -0.008431 -0.216050 -0.381055 0.898915
1783948392.751750231 -0.359950 -0.049718 0.247739 -0.008918 -0.215914 -0.381264 0.898854
1783948392.761751890 -0.361114 -0.053196 0.248360 -0.009447 -0.215681 -0.381214 0.898926
1783948392.771798134 -0.361942 -0.056720 0.248989 -0.009989 -0.215325 -0.381176 0.899022
1783948392.781828403 -0.362417 -0.060266 0.249621 -0.010526 -0.214803 -0.381160 0.899147
1783948392.792113781 -0.362571 -0.063920 0.250275 -0.011031 -0.214169 -0.381152 0.899296
1783948392.801753044 -0.362312 -0.067340 0.250889 -0.011542 -0.213523 -0.381263 0.899396
1783948392.811718702 -0.361738 -0.070872 0.251527 -0.012096 -0.212830 -0.381390 0.899499
1783948392.823290110 -0.360842 -0.074980 0.252275 -0.012666 -0.211867 -0.381236 0.899784
1783948392.831730843 -0.359594 -0.077946 0.252809 -0.013194 -0.211045 -0.381553 0.899835
1783948392.841827393 -0.357984 -0.081493 0.253449 -0.013750 -0.210114 -0.381650 0.900003
1783948392.844536304 -0.357272 -0.082424 0.253612 -0.013986 -0.209830 -0.381997 0.899919
1783948392.844536304 -0.357272 -0.082424 0.253612 -0.013986 -0.209830 -0.381997 0.899919
1783948392.855357409 -0.358152 -0.086485 0.254495 -0.014450 -0.209275 -0.381830 0.900112
1783948392.861783266 -0.358151 -0.088849 0.255000 -0.014900 -0.208779 -0.382242 0.900045
1783948392.871811867 -0.358295 -0.092566 0.255790 -0.015491 -0.208084 -0.382288 0.900176
1783948392.881732702 -0.358103 -0.096218 0.256560 -0.016065 -0.207358 -0.382353 0.900306
1783948392.891744137 -0.357599 -0.099872 0.257326 -0.016628 -0.206693 -0.382406 0.900426
1783948392.901757240 -0.356763 -0.103487 0.258075 -0.017248 -0.206014 -0.382501 0.900530
1783948392.911736250 -0.355586 -0.107039 0.258796 -0.017934 -0.205296 -0.382651 0.900616
1783948392.922181368 -0.354049 -0.110709 0.259522 -0.018744 -0.204512 -0.382778 0.900724
1783948392.931757212 -0.352224 -0.114019 0.260160 -0.019560 -0.203703 -0.383076 0.900763
1783948392.941756964 -0.350060 -0.117439 0.260809 -0.020358 -0.202872 -0.383340 0.900821
1783948392.945399046 -0.348926 -0.118640 0.261031 -0.020784 -0.202502 -0.383840 0.900682
1783948392.945399046 -0.348926 -0.118640 0.261031 -0.020784 -0.202502 -0.383840 0.900682
1783948392.952602863 -0.348738 -0.121269 0.261494 -0.021569 -0.201898 -0.384320 0.900595
1783948392.961820364 -0.348461 -0.124620 0.262070 -0.022624 -0.201194 -0.384615 0.900600
1783948392.971806049 -0.347946 -0.128215 0.262668 -0.023767 -0.200392 -0.384772 0.900683
1783948392.982051373 -0.347136 -0.131854 0.263251 -0.024964 -0.199593 -0.384800 0.900816
1783948392.991785049 -0.346027 -0.135244 0.263776 -0.026143 -0.198887 -0.384856 0.900914
1783948393.001760721 -0.344628 -0.138665 0.264290 -0.027363 -0.198223 -0.384751 0.901069
1783948393.012682438 -0.342870 -0.142357 0.264834 -0.028731 -0.197543 -0.384360 0.901343
1783948393.021738529 -0.340964 -0.145341 0.265264 -0.029983 -0.196905 -0.384238 0.901493
1783948393.031748772 -0.338700 -0.148613 0.265722 -0.031309 -0.196293 -0.383805 0.901766
1783948393.043533802 -0.335918 -0.152439 0.266238 -0.032818 -0.195737 -0.382758 0.902278
1783948393.046265841 -0.334955 -0.153278 0.266345 -0.033271 -0.195510 -0.382941 0.902233
1783948393.046265841 -0.334955 -0.153278 0.266345 -0.033271 -0.195510 -0.382941 0.902233
1783948393.051829100 -0.334535 -0.155205 0.266574 -0.034173 -0.195127 -0.382981 0.902265
1783948393.061836243 -0.334034 -0.158691 0.266985 -0.035704 -0.194743 -0.382062 0.902679
1783948393.073399067 -0.333308 -0.162679 0.267428 -0.037519 -0.194398 -0.380518 0.903332
1783948393.081804276 -0.332280 -0.165501 0.267702 -0.038922 -0.194001 -0.379809 0.903656
1783948393.091750383 -0.330983 -0.168812 0.267996 -0.040575 -0.193636 -0.378590 0.904173
1783948393.101772547 -0.329428 -0.172098 0.268251 -0.042258 -0.193347 -0.377217 0.904731
1783948393.111735582 -0.327617 -0.175307 0.268459 -0.043973 -0.193093 -0.375780 0.905302
1783948393.121749640 -0.325533 -0.178478 0.268621 -0.045744 -0.192787 -0.374267 0.905906
1783948393.131733418 -0.323192 -0.181591 0.268731 -0.047501 -0.192427 -0.372711 0.906533
1783948393.141805172 -0.320590 -0.184685 0.268789 -0.049254 -0.192120 -0.371125 0.907155
1783948393.147132874 -0.318856 -0.186266 0.268784 -0.050256 -0.191873 -0.370794 0.907288
1783948393.147132874 -0.318856 -0.186266 0.268784 -0.050256 -0.191873 -0.370794 0.907288
1783948393.151791811 -0.318364 -0.187829 0.268735 -0.051144 -0.191623 -0.370576 0.907380
1783948393.161787510 -0.317611 -0.191231 0.268598 -0.052907 -0.191328 -0.369134 0.907929
1783948393.173157215 -0.316603 -0.195070 0.268386 -0.054818 -0.191049 -0.367293 0.908620
1783948393.181801558 -0.315421 -0.197910 0.268188 -0.056264 -0.190740 -0.366438 0.908942
1783948393.191824198 -0.313962 -0.201175 0.267932 -0.057791 -0.190498 -0.365265 0.909369
1783948393.205362558 -0.312047 -0.205553 0.267544 -0.059665 -0.190518 -0.362832 0.910217
1783948393.211792469 -0.310565 -0.207512 0.267334 -0.060660 -0.190305 -0.362630 0.910277
1783948393.221799612 -0.308373 -0.210562 0.266987 -0.062062 -0.190120 -0.361686 0.910596
1783948393.236142397 -0.305362 -0.214912 0.266464 -0.063767 -0.190159 -0.359159 0.911470
1783948393.241774082 -0.303599 -0.216500 0.266247 -0.064542 -0.189933 -0.359143 0.911469
1783948393.247992992 -0.301603 -0.218233 0.266006 -0.065364 -0.189759 -0.359050 0.911483
1783948393.247992992 -0.301603 -0.218233 0.266006 -0.065364 -0.189759 -0.359050 0.911483
1783948393.251803637 -0.301137 -0.219423 0.265848 -0.065864 -0.189620 -0.359157 0.911434
1783948393.261797905 -0.300300 -0.222606 0.265438 -0.066953 -0.189617 -0.358172 0.911743
1783948393.271804333 -0.299224 -0.225727 0.265024 -0.067962 -0.189540 -0.357218 0.912059
1783948393.281836987 -0.297906 -0.228776 0.264606 -0.068936 -0.189463 -0.356300 0.912361
1783948393.291797876 -0.296347 -0.231714 0.264194 -0.069908 -0.189427 -0.355422 0.912636
1783948393.301759958 -0.294531 -0.234564 0.263791 -0.070853 -0.189338 -0.354529 0.912929
1783948393.311729908 -0.292456 -0.237321 0.263401 -0.071818 -0.189187 -0.353576 0.913255
1783948393.321775436 -0.290113 -0.240002 0.263020 -0.072783 -0.189053 -0.352509 0.913618
1783948393.333446980 -0.287227 -0.243025 0.262593 -0.073802 -0.188902 -0.350777 0.914234
1783948393.341831923 -0.284686 -0.245062 0.262288 -0.074630 -0.188559 -0.350014 0.914531
1783948393.348866940 -0.282329 -0.246694 0.262033 -0.075387 -0.188210 -0.349522 0.914728
1783948393.348866940 -0.282329 -0.246694 0.262033 -0.075387 -0.188210 -0.349522 0.914728
1783948393.351835966 -0.281811 -0.247459 0.261922 -0.075743 -0.188006 -0.349557 0.914727
1783948393.363401413 -0.280373 -0.250513 0.261491 -0.076745 -0.187790 -0.347641 0.915418
1783948393.371796846 -0.278891 -0.252594 0.261187 -0.077569 -0.187365 -0.346812 0.915750
1783948393.381814957 -0.277007 -0.254990 0.260827 -0.078508 -0.186898 -0.345592 0.916227
1783948393.395019293 -0.274445 -0.258025 0.260348 -0.079606 -0.186509 -0.343242 0.917094
1783948393.401841164 -0.272576 -0.259431 0.260103 -0.080383 -0.185931 -0.342987 0.917239
1783948393.411741018 -0.269888 -0.261419 0.259745 -0.081394 -0.185292 -0.342031 0.917636
1783948393.421761990 -0.266907 -0.263304 0.259382 -0.082480 -0.184588 -0.341065 0.918041
1783948393.431780815 -0.263658 -0.265069 0.259020 -0.083532 -0.183744 -0.340097 0.918474
1783948393.441775084 -0.260165 -0.266712 0.258658 -0.084544 -0.182883 -0.339114 0.918917
1783948393.449725389 -0.257081 -0.267904 0.258371 -0.085448 -0.182102 -0.338642 0.919162
1783948393.449725389 -0.257081 -0.267904 0.258371 -0.085448 -0.182102 -0.338642 0.919162
1783948393.451746225 -0.256563 -0.268248 0.258301 -0.085716 -0.181821 -0.338771 0.919146
1783948393.462063074 -0.254384 -0.270070 0.257908 -0.086584 -0.180900 -0.337815 0.919597
1783948393.471787214 -0.252060 -0.271669 0.257536 -0.087434 -0.179916 -0.337037 0.919996
1783948393.481777191 -0.249464 -0.273203 0.257143 -0.088297 -0.178853 -0.336179 0.920434
1783948393.491757154 -0.246650 -0.274625 0.256741 -0.089087 -0.177764 -0.335326 0.920880
1783948393.501796007 -0.243603 -0.275940 0.256328 -0.089901 -0.176675 -0.334447 0.921330
1783948393.511807680 -0.240339 -0.277135 0.255908 -0.090753 -0.175553 -0.333604 0.921767
1783948393.524294853 -0.236196 -0.278527 0.255373 -0.091550 -0.174317 -0.331979 0.922509
1783948393.531821728 -0.233259 -0.279223 0.255071 -0.092200 -0.173269 -0.331749 0.922724
1783948393.541844130 -0.229349 -0.280098 0.254661 -0.092904 -0.172020 -0.330993 0.923159
1783948393.550618649 -0.225676 -0.280757 0.254308 -0.093520 -0.170888 -0.330562 0.923461
1783948393.550618649 -0.225676 -0.280757 0.254308 -0.093520 -0.170888 -0.330562 0.923461
1783948393.551761389 -0.225317 -0.280871 0.254252 -0.093642 -0.170686 -0.330668 0.923448
1783948393.561813831 -0.222571 -0.281939 0.253691 -0.094313 -0.169530 -0.330159 0.923775
1783948393.571845293 -0.219639 -0.282913 0.253130 -0.094922 -0.168317 -0.329689 0.924102
1783948393.581783533 -0.216546 -0.283783 0.252573 -0.095509 -0.167096 -0.329207 0.924435
1783948393.591815233 -0.213250 -0.284563 0.252009 -0.096091 -0.165832 -0.328675 0.924791
1783948393.601791382 -0.209800 -0.285240 0.251454 -0.096610 -0.164613 -0.328084 0.925165
1783948393.611781597 -0.206179 -0.285813 0.250903 -0.097156 -0.163446 -0.327430 0.925546
1783948393.621807098 -0.202371 -0.286289 0.250355 -0.097713 -0.162241 -0.326733 0.925946
1783948393.631786346 -0.198405 -0.286665 0.249811 -0.098150 -0.161030 -0.326011 0.926366
1783948393.641906738 -0.194215 -0.286934 0.249249 -0.098612 -0.159855 -0.325225 0.926796
1783948393.651761293 -0.189943 -0.287079 0.248688 -0.099112 -0.158694 -0.324446 0.927215
1783948393.652228117 -0.189715 -0.287078 0.248664 -0.099153 -0.158612 -0.324465 0.927218
1783948393.652228117 -0.189715 -0.287078 0.248664 -0.099153 -0.158612 -0.324465 0.927218
1783948393.661908627 -0.186721 -0.287475 0.247938 -0.099425 -0.157479 -0.323925 0.927571
1783948393.671823025 -0.183522 -0.287771 0.247175 -0.099749 -0.156360 -0.323253 0.927960
1783948393.681782484 -0.180157 -0.287949 0.246386 -0.100097 -0.155209 -0.322517 0.928371
1783948393.691826582 -0.176613 -0.288009 0.245566 -0.100385 -0.154046 -0.321738 0.928804
1783948393.701828480 -0.172922 -0.287929 0.244720 -0.100725 -0.152926 -0.320945 0.929227
1783948393.713671923 -0.168458 -0.287681 0.243674 -0.100996 -0.151876 -0.319668 0.929810
1783948393.721823215 -0.165069 -0.287345 0.242958 -0.101392 -0.150833 -0.319257 0.930077
1783948393.731823683 -0.160864 -0.286841 0.242052 -0.101687 -0.149693 -0.318455 0.930504
1783948393.741807461 -0.156515 -0.286204 0.241138 -0.101950 -0.148594 -0.317606 0.930942
1783948393.751947880 -0.151947 -0.285420 0.240199 -0.102199 -0.147495 -0.316687 0.931402
1783948393.752490282 -0.151673 -0.285367 0.240151 -0.102241 -0.147402 -0.316705 0.931406
1783948393.752490282 -0.151673 -0.285367 0.240151 -0.102241 -0.147402 -0.316705 0.931406
1783948393.761870861 -0.148327 -0.284852 0.239112 -0.102157 -0.146316 -0.316217 0.931752
1783948393.771790504 -0.144672 -0.284186 0.237991 -0.102018 -0.145263 -0.315687 0.932112
1783948393.781800747 -0.140825 -0.283378 0.236838 -0.101906 -0.144125 -0.315243 0.932451
1783948393.791863918 -0.136803 -0.282433 0.235662 -0.101734 -0.142927 -0.314829 0.932794
1783948393.801866531 -0.132658 -0.281352 0.234485 -0.101526 -0.141830 -0.314418 0.933123
1783948393.811777830 -0.128397 -0.280137 0.233315 -0.101361 -0.140743 -0.313971 0.933456
1783948393.821826935 -0.123920 -0.278771 0.232122 -0.101162 -0.139533 -0.313459 0.933831
1783948393.831826925 -0.119312 -0.277279 0.230932 -0.100933 -0.138268 -0.312827 0.934256
1783948393.841786146 -0.114581 -0.275659 0.229741 -0.100721 -0.136960 -0.312099 0.934715
1783948393.851908922 -0.109648 -0.273879 0.228523 -0.100487 -0.135608 -0.311233 0.935225
1783948393.853176594 -0.108974 -0.273629 0.228379 -0.100569 -0.135362 -0.311259 0.935244
1783948393.853176594 -0.108974 -0.273629 0.228379 -0.100569 -0.135362 -0.311259 0.935244
1783948393.861863613 -0.105430 -0.272331 0.227082 -0.100432 -0.134146 -0.310851 0.935569
1783948393.871841431 -0.101296 -0.270756 0.225562 -0.100197 -0.132745 -0.310245 0.935995
1783948393.881769419 -0.097074 -0.269086 0.224048 -0.099891 -0.131264 -0.309675 0.936426
1783948393.891860723 -0.092685 -0.267271 0.222515 -0.099557 -0.129838 -0.309132 0.936839
1783948393.901786327 -0.088248 -0.265360 0.221023 -0.099254 -0.128382 -0.308660 0.937228
1783948393.911778450 -0.083673 -0.263318 0.219538 -0.098886 -0.126900 -0.308223 0.937612
1783948393.921801090 -0.078971 -0.261142 0.218065 -0.098557 -0.125400 -0.307803 0.937987
1783948393.931783199 -0.074176 -0.258859 0.216627 -0.098192 -0.123840 -0.307423 0.938356
1783948393.942158461 -0.069093 -0.256375 0.215163 -0.097705 -0.122164 -0.307014 0.938761
1783948393.951806784 -0.064242 -0.253937 0.213843 -0.097369 -0.120555 -0.306762 0.939086
1783948393.954043150 -0.063046 -0.253330 0.213564 -0.097470 -0.120064 -0.306900 0.939094
1783948393.954043150 -0.063046 -0.253330 0.213564 -0.097470 -0.120064 -0.306900 0.939094
1783948393.961875439 -0.059611 -0.251583 0.212422 -0.097278 -0.118716 -0.307164 0.939198
1783948393.972412825 -0.054978 -0.249186 0.210905 -0.096700 -0.117095 -0.307424 0.939376
1783948393.981802702 -0.050732 -0.246952 0.209579 -0.096310 -0.115501 -0.307838 0.939478
1783948393.991836309 -0.046126 -0.244492 0.208196 -0.095741 -0.113826 -0.308288 0.939593
1783948394.001840830 -0.041448 -0.241948 0.206861 -0.095164 -0.112169 -0.308707 0.939714
1783948394.011752844 -0.036730 -0.239340 0.205587 -0.094561 -0.110548 -0.309056 0.939852
1783948394.021831989 -0.031849 -0.236611 0.204347 -0.093876 -0.108826 -0.309288 0.940045
1783948394.034386873 -0.025735 -0.233152 0.202874 -0.092590 -0.106876 -0.309146 0.940443
1783948394.041855335 -0.021928 -0.230978 0.202036 -0.092240 -0.105398 -0.309277 0.940601
1783948394.051826954 -0.016831 -0.228057 0.200946 -0.091461 -0.103542 -0.309143 0.940927
1783948394.054937601 -0.015164 -0.227100 0.200613 -0.091460 -0.102804 -0.309249 0.940974
1783948394.054937601 -0.015164 -0.227100 0.200613 -0.091460 -0.102804 -0.309249 0.940974
1783948394.061865568 -0.011963 -0.225263 0.199645 -0.091111 -0.101332 -0.309474 0.941093
1783948394.071768999 -0.007391 -0.222640 0.198247 -0.090227 -0.099431 -0.309578 0.941347
1783948394.081756353 -0.002723 -0.219963 0.196870 -0.089282 -0.097440 -0.309551 0.941654
1783948394.091770649 0.002009 -0.217251 0.195523 -0.088264 -0.095455 -0.309421 0.941996
1783948394.101752996 0.006776 -0.214522 0.194219 -0.087181 -0.093450 -0.309151 0.942386
1783948394.111806154 0.011626 -0.211741 0.192945 -0.086038 -0.091467 -0.308785 0.942806
1783948394.121823549 0.016514 -0.208933 0.191714 -0.084855 -0.089497 -0.308323 0.943254
1783948394.132413626 0.021726 -0.205938 0.190445 -0.083462 -0.087395 -0.307682 0.943784
1783948394.141822577 0.026424 -0.203235 0.189364 -0.082332 -0.085427 -0.307064 0.944264
1783948394.151822090 0.031444 -0.200342 0.188239 -0.080993 -0.083414 -0.306259 0.944821
1783948394.155776024 0.033487 -0.199162 0.187834 -0.080753 -0.082443 -0.306021 0.945004
1783948394.155776024 0.033487 -0.199162 0.187834 -0.080753 -0.082443 -0.306021 0.945004
1783948394.164794207 0.037629 -0.196876 0.186806 -0.079666 -0.080562 -0.305643 0.945381
1783948394.171830893 0.040885 -0.195078 0.186019 -0.078948 -0.079019 -0.305299 0.945683
1783948394.181830168 0.045476 -0.192541 0.184938 -0.077499 -0.077042 -0.304686 0.946163
1783948394.192504883 0.050375 -0.189811 0.183825 -0.075820 -0.075025 -0.303912 0.946710
1783948394.201793194 0.054664 -0.187390 0.182882 -0.074463 -0.073185 -0.303189 0.947194
1783948394.211822748 0.059295 -0.184738 0.181892 -0.072890 -0.071343 -0.302284 0.947745
1783948394.225386620 0.065515 -0.181109 0.180603 -0.070158 -0.069263 -0.300899 0.948546
1783948394.231832981 0.068549 -0.179303 0.179994 -0.069404 -0.067903 -0.300284 0.948895
1783948394.241847038 0.073214 -0.176494 0.179077 -0.067750 -0.066135 -0.299280 0.949457
1783948394.251843929 0.077872 -0.173637 0.178188 -0.066086 -0.064428 -0.298290 0.950003
1783948394.256643057 0.080145 -0.172222 0.177764 -0.065579 -0.063446 -0.297890 0.950229
1783948394.256643057 0.080145 -0.172222 0.177764 -0.065579 -0.063446 -0.297890 0.950229
1783948394.262017250 0.082527 -0.170835 0.177292 -0.065032 -0.062318 -0.297548 0.950449
1783948394.271763563 0.086838 -0.168317 0.176520 -0.063575 -0.060622 -0.297049 0.950813
1783948394.281834126 0.091287 -0.165668 0.175751 -0.062017 -0.058903 -0.296611 0.951160
1783948394.291768551 0.095671 -0.163000 0.175014 -0.060505 -0.057223 -0.296241 0.951476
1783948394.301823378 0.100104 -0.160243 0.174302 -0.058969 -0.055621 -0.295877 0.951780
1783948394.311863661 0.104534 -0.157434 0.173632 -0.057466 -0.054020 -0.295529 0.952073
1783948394.322888851 0.109414 -0.154291 0.172966 -0.055709 -0.052399 -0.295108 0.952398
1783948394.331761837 0.113358 -0.151702 0.172435 -0.054513 -0.050981 -0.294730 0.952661
1783948394.341873407 0.117867 -0.148727 0.171893 -0.053002 -0.049431 -0.294255 0.952975
1783948394.351857424 0.122338 -0.145748 0.171394 -0.051548 -0.047944 -0.293684 0.953307
1783948394.357516766 0.124882 -0.144024 0.171084 -0.050994 -0.046940 -0.293278 0.953512
1783948394.357516766 0.124882 -0.144024 0.171084 -0.050994 -0.046940 -0.293278 0.953512
1783948394.361788273 0.126714 -0.142843 0.170816 -0.050666 -0.046135 -0.293021 0.953647
1783948394.371831894 0.131012 -0.140105 0.170194 -0.049401 -0.044588 -0.292444 0.953964
1783948394.381828308 0.135300 -0.137367 0.169594 -0.048163 -0.043009 -0.291722 0.954321
1783948394.391780376 0.139585 -0.134627 0.169007 -0.046986 -0.041379 -0.290888 0.954707
1783948394.401805401 0.143919 -0.131849 0.168409 -0.045834 -0.039675 -0.289916 0.955130
1783948394.411814213 0.148259 -0.129064 0.167800 -0.044751 -0.038015 -0.288809 0.955585
1783948394.421812773 0.152614 -0.126285 0.167179 -0.043688 -0.036248 -0.287598 0.956067
1783948394.431848764 0.156999 -0.123499 0.166539 -0.042646 -0.034425 -0.286314 0.956567
1783948394.441823721 0.161360 -0.120738 0.165893 -0.041589 -0.032576 -0.284912 0.957097
1783948394.451770306 0.165705 -0.117996 0.165252 -0.040492 -0.030713 -0.283431 0.957645
1783948394.458371878 0.168592 -0.116159 0.164832 -0.039962 -0.029341 -0.282323 0.958037
1783948394.458371878 0.168592 -0.116159 0.164832 -0.039962 -0.029341 -0.282323 0.958037
1783948394.461910486 0.170153 -0.115231 0.164667 -0.039808 -0.028527 -0.281722 0.958245
1783948394.471868515 0.174550 -0.112643 0.164246 -0.038820 -0.026554 -0.280192 0.958791
1783948394.482831717 0.179355 -0.109806 0.163780 -0.037574 -0.024438 -0.278515 0.959385
1783948394.491804600 0.183245 -0.107486 0.163377 -0.036638 -0.022558 -0.277106 0.959876
1783948394.501871824 0.187570 -0.104889 0.162934 -0.035428 -0.020500 -0.275586 0.960405
1783948394.511796474 0.191777 -0.102337 0.162510 -0.034164 -0.018493 -0.274158 0.960900
1783948394.521818399 0.195961 -0.099774 0.162100 -0.032780 -0.016488 -0.272827 0.961363
1783948394.531879187 0.200089 -0.097215 0.161706 -0.031271 -0.014480 -0.271644 0.961781
1783948394.541880608 0.204105 -0.094690 0.161334 -0.029687 -0.012514 -0.270612 0.962149
1783948394.551798820 0.207991 -0.092203 0.160993 -0.027963 -0.010638 -0.269709 0.962477
1783948394.559228897 0.210825 -0.090339 0.160745 -0.026781 -0.009187 -0.269031 0.962715
1783948394.559228897 0.210825 -0.090339 0.160745 -0.026781 -0.009187 -0.269031 0.962715
1783948394.561842680 0.211856 -0.089724 0.160667 -0.026491 -0.008591 -0.268766 0.962803
1783948394.571811199 0.215795 -0.087396 0.160458 -0.024812 -0.006711 -0.268089 0.963051
1783948394.581812143 0.219611 -0.085078 0.160288 -0.023050 -0.004909 -0.267420 0.963292
1783948394.591866255 0.223307 -0.082759 0.160157 -0.021193 -0.003127 -0.266728 0.963534
1783948394.601851702 0.226822 -0.080460 0.160061 -0.019275 -0.001488 -0.265992 0.963781
1783948394.611811161 0.230162 -0.078168 0.159991 -0.017307 -0.000049 -0.265234 0.964029
1783948394.621818304 0.233356 -0.075864 0.159954 -0.015253 0.001267 -0.264467 0.964273
1783948394.631814241 0.236376 -0.073567 0.159956 -0.013162 0.002482 -0.263688 0.964515
1783948394.643497229 0.239705 -0.070884 0.160033 -0.010509 0.003582 -0.262843 0.964775
1783948394.651825428 0.241898 -0.068965 0.160094 -0.008788 0.004406 -0.262108 0.964988
1783948394.660096884 0.243946 -0.067051 0.160173 -0.007073 0.005080 -0.261341 0.965207
1783948394.660096884 0.243946 -0.067051 0.160173 -0.007073 0.005080 -0.261341 0.965207
1783948394.661772251 0.244397 -0.066693 0.160178 -0.006797 0.005262 -0.261142 0.965262
1783948394.671847582 0.247220 -0.064691 0.160161 -0.004702 0.005727 -0.260197 0.965527
1783948394.681839705 0.249821 -0.062680 0.160159 -0.002739 0.006051 -0.259305 0.965773
1783948394.691851139 0.252239 -0.060639 0.160170 -0.000807 0.006265 -0.258427 0.966010
1783948394.701812744 0.254462 -0.058569 0.160190 0.001054 0.006292 -0.257629 0.966223
1783948394.711803913 0.256528 -0.056452 0.160216 0.002798 0.006200 -0.256929 0.966406
1783948394.721791029 0.258449 -0.054290 0.160247 0.004501 0.005980 -0.256393 0.966544
1783948394.731800079 0.260251 -0.052067 0.160271 0.006045 0.005738 -0.256038 0.966631
1783948394.742596149 0.262099 -0.049616 0.160260 0.007560 0.005371 -0.255914 0.966655
1783948394.751855612 0.263558 -0.047424 0.160220 0.008649 0.005119 -0.255955 0.966636
1783948394.760969400 0.264928 -0.045204 0.160125 0.009500 0.004966 -0.256154 0.966576
1783948394.760969400 0.264928 -0.045204 0.160125 0.009500 0.004966 -0.256154 0.966576
1783948394.761893749 0.265081 -0.044963 0.160122 0.009543 0.004984 -0.256158 0.966575
1783948394.773578167 0.267125 -0.041867 0.160221 0.010414 0.004576 -0.256845 0.966386
1783948394.781818867 0.268449 -0.039639 0.160184 0.010758 0.004516 -0.257249 0.966275
1783948394.791856527 0.270017 -0.036884 0.160109 0.011174 0.004438 -0.257844 0.966112
1783948394.803421259 0.271772 -0.033655 0.159967 0.011612 0.004384 -0.258575 0.965911
1783948394.811851740 0.272964 -0.031269 0.159757 0.011704 0.004642 -0.258972 0.965803
1783948394.821794271 0.274342 -0.028434 0.159472 0.011815 0.004940 -0.259448 0.965672
1783948394.831861973 0.275691 -0.025564 0.159126 0.011883 0.005432 -0.259872 0.965555
1783948394.841807127 0.276976 -0.022741 0.158732 0.011956 0.006100 -0.260226 0.965454
1783948394.851851463 0.278222 -0.019911 0.158295 0.012004 0.006885 -0.260505 0.965373
1783948394.861822367 0.279405 -0.017124 0.157829 0.012061 0.007822 -0.260747 0.965300
1783948394.861822367 0.279405 -0.017124 0.157829 0.012061 0.007822 -0.260747 0.965300
1783948394.861823320 0.279407 -0.017124 0.157828 0.012066 0.007817 -0.260750 0.965299
1783948394.871928453 0.281123 -0.014372 0.156903 0.012128 0.008956 -0.260826 0.965268
1783948394.881784678 0.282725 -0.011724 0.155989 0.012158 0.010228 -0.260937 0.965225
1783948394.891857624 0.284302 -0.009059 0.155048 0.012203 0.011650 -0.261174 0.965144
1783948394.901800871 0.285797 -0.006462 0.154114 0.012240 0.013200 -0.261551 0.965022
1783948394.911828279 0.287250 -0.003870 0.153148 0.012199 0.014859 -0.262116 0.964845
1783948394.921841621 0.288638 -0.001312 0.152144 0.012106 0.016715 -0.262786 0.964633
1783948394.932961941 0.290108 0.001490 0.150961 0.012030 0.018897 -0.263587 0.964375
1783948394.941858292 0.291147 0.003704 0.149984 0.011896 0.020823 -0.264175 0.964177
1783948394.951834679 0.292212 0.006152 0.148840 0.011797 0.022988 -0.264802 0.963957
1783948394.961834669 0.293135 0.008561 0.147671 0.011793 0.025127 -0.265401 0.963738
1783948394.962693453 0.293193 0.008766 0.147576 0.011766 0.025347 -0.265432 0.963725
1783948394.962693453 0.293193 0.008766 0.147576 0.011766 0.025347 -0.265432 0.963725
1783948394.971856117 0.294442 0.010953 0.146459 0.011550 0.027722 -0.265978 0.963511
1783948394.981808424 0.295670 0.013257 0.145269 0.011425 0.030363 -0.266581 0.963266
1783948394.991877317 0.296751 0.015502 0.144104 0.011530 0.032985 -0.267203 0.963007
1783948395.001863003 0.297657 0.017642 0.142995 0.011763 0.035515 -0.267826 0.962741
1783948395.011872530 0.298402 0.019699 0.141931 0.012160 0.038023 -0.268446 0.962467
1783948395.021870136 0.298966 0.021657 0.140915 0.012702 0.040416 -0.269045 0.962195
1783948395.031811237 0.299336 0.023498 0.139951 0.013413 0.042674 -0.269583 0.961938
1783948395.041864872 0.299522 0.025246 0.139025 0.014258 0.044860 -0.270124 0.961674
1783948395.051854134 0.299508 0.026872 0.138156 0.015251 0.046868 -0.270681 0.961406
1783948395.061842918 0.299302 0.028395 0.137338 0.016340 0.048675 -0.271327 0.961117
1783948395.063642263 0.299211 0.028654 0.137193 0.016514 0.049001 -0.271412 0.961073
1783948395.063642263 0.299211 0.028654 0.137193 0.016514 0.049001 -0.271412 0.961073
1783948395.071837664 0.299387 0.029849 0.136498 0.017296 0.050698 -0.272049 0.960791
1783948395.081893444 0.299487 0.031241 0.135673 0.018309 0.052678 -0.272965 0.960406
1783948395.092847347 0.299412 0.032669 0.134812 0.019429 0.054693 -0.274040 0.959965
1783948395.101863861 0.299130 0.033767 0.134143 0.020376 0.056176 -0.274852 0.959628
1783948395.111836433 0.298667 0.034908 0.133433 0.021455 0.057627 -0.275812 0.959243
1783948395.121838570 0.298024 0.035970 0.132759 0.022549 0.058905 -0.276758 0.958868
1783948395.131812334 0.297210 0.036948 0.132121 0.023624 0.060060 -0.277644 0.958514
1783948395.141872883 0.296215 0.037849 0.131508 0.024729 0.061079 -0.278475 0.958180
1783948395.151915789 0.295037 0.038662 0.130922 0.025874 0.061908 -0.279200 0.957886
1783948395.162455559 0.293623 0.039439 0.130330 0.027110 0.062603 -0.279840 0.957620
1783948395.164425611 0.293290 0.039572 0.130229 0.027328 0.062679 -0.279857 0.957604
1783948395.164425611 0.293290 0.039572 0.130229 0.027328 0.062679 -0.279857 0.957604
1783948395.171946049 0.292592 0.040091 0.129748 0.028006 0.063266 -0.280212 0.957442
1783948395.181876183 0.291587 0.040719 0.129114 0.028893 0.063978 -0.280627 0.957246
1783948395.191812277 0.290407 0.041287 0.128497 0.029812 0.064521 -0.280854 0.957115
1783948395.201900721 0.289046 0.041808 0.127880 0.030742 0.064948 -0.280920 0.957037
1783948395.211875916 0.287535 0.042269 0.127278 0.031696 0.065245 -0.280828 0.957013
1783948395.221852779 0.285855 0.042673 0.126680 0.032675 0.065362 -0.280612 0.957036
1783948395.231875658 0.284007 0.043025 0.126085 0.033728 0.065301 -0.280298 0.957095
1783948395.241838932 0.282020 0.043329 0.125498 0.034761 0.065190 -0.279905 0.957181
1783948395.252417803 0.279756 0.043596 0.124878 0.035833 0.064976 -0.279460 0.957286
1783948395.261841059 0.277552 0.043783 0.124341 0.036895 0.064557 -0.278982 0.957413
1783948395.265339136 0.276639 0.043838 0.124155 0.037316 0.064266 -0.278687 0.957502
1783948395.265339136 0.276639 0.043838 0.124155 0.037316 0.064266 -0.278687 0.957502
1783948395.271850348 0.275407 0.043943 0.123737 0.038005 0.063944 -0.278253 0.957623
1783948395.281849146 0.273496 0.044063 0.123094 0.039001 0.063565 -0.277806 0.957738
1783948395.291820765 0.271442 0.044135 0.122471 0.040040 0.063022 -0.277382 0.957854
1783948395.301877022 0.269238 0.044165 0.121858 0.041078 0.062409 -0.276950 0.957975
1783948395.315379143 0.266204 0.044132 0.121036 0.042394 0.061860 -0.276649 0.958040
1783948395.321847200 0.264529 0.044078 0.120663 0.043168 0.061194 -0.276253 0.958163
1783948395.331812620 0.261942 0.043951 0.120081 0.044271 0.060335 -0.275845 0.958285
1783948395.341826200 0.259212 0.043765 0.119497 0.045386 0.059435 -0.275461 0.958399
1783948395.352888346 0.256075 0.043497 0.118846 0.046591 0.058446 -0.275112 0.958502
1783948395.361908436 0.253347 0.043232 0.118320 0.047647 0.057475 -0.274753 0.958612
1783948395.366145134 0.251973 0.043095 0.118079 0.048196 0.056875 -0.274491 0.958695
1783948395.366145134 0.251973 0.043095 0.118079 0.048196 0.056875 -0.274491 0.958695
1783948395.371840954 0.250514 0.042920 0.117797 0.048896 0.056142 -0.274196 0.958788
1783948395.381845474 0.248003 0.042607 0.117395 0.049952 0.055146 -0.274000 0.958847
1783948395.391924858 0.245386 0.042267 0.116981 0.050938 0.054181 -0.273891 0.958881
1783948395.401921272 0.242704 0.041890 0.116555 0.051911 0.053314 -0.273818 0.958899
1783948395.412541389 0.239780 0.041443 0.116111 0.053042 0.052440 -0.273850 0.958876
1783948395.421890974 0.237105 0.041015 0.115687 0.054008 0.051662 -0.273821 0.958872
1783948395.431919098 0.234192 0.040529 0.115247 0.055056 0.051007 -0.273862 0.958836
1783948395.441898823 0.231218 0.040008 0.114806 0.056067 0.050322 -0.273968 0.958784
1783948395.451828957 0.228196 0.039447 0.114368 0.057043 0.049787 -0.274075 0.958723
1783948395.461905241 0.225071 0.038824 0.113935 0.058121 0.049383 -0.274206 0.958642
1783948395.467019558 0.223383 0.038478 0.113661 0.058735 0.049000 -0.274133 0.958645
