id: 3
T_world_origin: 
  0.834827   0.550373 -0.0124104  0.0522085
 -0.550093   0.833098 -0.0578479  0.0963893
-0.0214988  0.0551199   0.998248   0.244422
         0          0          0          1
T_origin_endpoint_L: 
    0.99975  0.00732736  -0.0211212   -0.136964
-0.00747966    0.999947 -0.00714047   -0.204852
  0.0210677  0.00729666    0.999751   -0.136986
          0           0           0           1
T_origin_endpoint_R: 
  0.990137   0.135224 -0.0366454  -0.065526
 -0.134518   0.990687  0.0210936 -0.0862768
 0.0391565 -0.0159561   0.999106  0.0622115
         0          0          0          1
T_lidar_imu: 
-2.22045e-16            1            0            0
           1 -2.22045e-16            0            0
           0            0           -1         0.07
           0            0            0            1
imu_bias:   0.00123938    0.0012836   0.00738177 -0.000457797  0.000358049  -0.00196403
frame_id: 2
num_frames: 27
frame_0
id: 762
stamp: 1783948398.694674969
T_odom_lidar: 
  0.576245    0.81085   0.102296 -0.0672143
  0.813062  -0.581461  0.0288834 -0.0555374
  0.082901  0.0665287  -0.994335  0.0188801
         0          0          0          1
T_world_lidar: 
  0.576245    0.81085   0.102296 -0.0672143
  0.813062  -0.581461  0.0288834 -0.0555374
  0.082901  0.0665287  -0.994335  0.0188801
         0          0          0          1
v_world_imu: -0.141696 0.0110226 -0.301298
frame_1
id: 763
stamp: 1783948398.795577765
T_odom_lidar: 
  0.602039   0.792209  0.0997694 -0.0778349
  0.792716  -0.607988  0.0441816 -0.0526406
 0.0956596  0.0524898  -0.994029 0.00456606
         0          0          0          1
T_world_lidar: 
  0.602039   0.792209  0.0997694 -0.0778349
  0.792716  -0.607988  0.0441816 -0.0526406
 0.0956596  0.0524898  -0.994029 0.00456606
         0          0          0          1
v_world_imu: -0.0756756  0.0420974 0.00531415
frame_2
id: 764
stamp: 1783948398.896436214
T_odom_lidar: 
   0.63918   0.764138  0.0868478 -0.0806593
   0.76232  -0.644443  0.0596862   -0.04999
  0.101577  0.0280556  -0.994432  0.0152512
         0          0          0          1
T_world_lidar: 
   0.63918   0.764138  0.0868478 -0.0806593
   0.76232  -0.644443  0.0596862   -0.04999
  0.101577  0.0280556  -0.994432  0.0152512
         0          0          0          1
v_world_imu: 0.0105665 0.0454282  0.177619
frame_3
id: 765
stamp: 1783948398.997274637
T_odom_lidar: 
  0.666558   0.742987  0.0605874 -0.0711201
  0.740574  -0.669288  0.0600259  -0.043737
 0.0851489  0.0048587  -0.996356  0.0369083
         0          0          0          1
T_world_lidar: 
  0.666558   0.742987  0.0605874 -0.0711201
  0.740574  -0.669288  0.0600259  -0.043737
 0.0851489  0.0048587  -0.996356  0.0369083
         0          0          0          1
v_world_imu:  0.144942 0.0757334   0.23983
frame_4
id: 766
stamp: 1783948399.098136425
T_odom_lidar: 
  0.665967   0.744321  0.0497508 -0.0503722
  0.743096  -0.667774  0.0434285 -0.0343895
 0.0655471 0.00804769  -0.997817  0.0626011
         0          0          0          1
T_world_lidar: 
  0.665967   0.744321  0.0497508 -0.0503722
  0.743096  -0.667774  0.0434285 -0.0343895
 0.0655471 0.00804769  -0.997817  0.0626011
         0          0          0          1
v_world_imu:  0.268944 0.0831888   0.25753
frame_5
id: 767
stamp: 1783948399.199006557
T_odom_lidar: 
  0.639795   0.764781    0.07597 -0.0189933
  0.766137  -0.642486  0.0156711 -0.0231226
 0.0607947  0.0481771  -0.996987  0.0868644
         0          0          0          1
T_world_lidar: 
  0.639795   0.764781    0.07597 -0.0189933
  0.766137  -0.642486  0.0156711 -0.0231226
 0.0607947  0.0481771  -0.996987  0.0868644
         0          0          0          1
v_world_imu: 0.374739  0.10523 0.212957
frame_6
id: 768
stamp: 1783948399.299859762
T_odom_lidar: 
   0.597762    0.795425   0.0998953   0.0207294
   0.799757   -0.600296 -0.00574614  -0.0101528
  0.0553961   0.0833268   -0.994981    0.105643
          0           0           0           1
T_world_lidar: 
   0.597762    0.795425   0.0998953   0.0207294
   0.799757   -0.600296 -0.00574614  -0.0101528
  0.0553961   0.0833268   -0.994981    0.105643
          0           0           0           1
v_world_imu:  0.44862 0.121428 0.173197
frame_7
id: 769
stamp: 1783948399.400731087
T_odom_lidar: 
     0.58623     0.803898     0.100412    0.0682978
    0.808015    -0.589162 -0.000565434   0.00106578
   0.0587043    0.0814657    -0.994946     0.121427
           0            0            0            1
T_world_lidar: 
     0.58623     0.803898     0.100412    0.0682978
    0.808015    -0.589162 -0.000565434   0.00106578
   0.0587043    0.0814657    -0.994946     0.121427
           0            0            0            1
v_world_imu:  0.477895 0.0888104  0.134336
frame_8
id: 770
stamp: 1783948399.501620293
T_odom_lidar: 
  0.592214   0.802246  0.0753865   0.119357
  0.802149  -0.595832  0.0392621 0.00256539
 0.0764156  0.0372196  -0.996381   0.134634
         0          0          0          1
T_world_lidar: 
  0.592214   0.802246  0.0753865   0.119357
  0.802149  -0.595832  0.0392621 0.00256539
 0.0764156  0.0372196  -0.996381   0.134634
         0          0          0          1
v_world_imu:     0.49515 -0.00816851    0.122201
frame_9
id: 771
stamp: 1783948399.602459908
T_odom_lidar: 
  0.582165   0.812254  0.0364339   0.169368
  0.808299  -0.583015  0.0821324 -0.0032428
 0.0879538 -0.0183651  -0.995955   0.146047
         0          0          0          1
T_world_lidar: 
  0.582165   0.812254  0.0364339   0.169368
  0.808299  -0.583015  0.0821324 -0.0032428
 0.0879538 -0.0183651  -0.995955   0.146047
         0          0          0          1
v_world_imu:    0.410156 -0.00228018    0.116275
frame_10
id: 772
stamp: 1783948399.703353882
T_odom_lidar: 
  0.555504   0.831133   0.025176   0.199415
  0.827054  -0.555403  0.0866546 0.00108192
 0.0860043  -0.027315   -0.99592   0.159087
         0          0          0          1
T_world_lidar: 
  0.555504   0.831133   0.025176   0.199415
  0.827054  -0.555403  0.0866546 0.00108192
 0.0860043  -0.027315   -0.99592   0.159087
         0          0          0          1
v_world_imu: 0.155738 0.118629 0.114752
frame_11
id: 773
stamp: 1783948399.805352211
T_odom_lidar: 
   0.5455  0.836399  0.053538  0.197438
 0.834812 -0.547905 0.0537486 0.0165451
 0.074289 0.0153743 -0.997118  0.171163
        0         0         0         1
T_world_lidar: 
   0.5455  0.836399  0.053538  0.197438
 0.834812 -0.547905 0.0537486 0.0165451
 0.074289 0.0153743 -0.997118  0.171163
        0         0         0         1
v_world_imu: -0.105811  0.149962 0.0703452
frame_12
id: 774
stamp: 1783948399.905060291
T_odom_lidar: 
  0.54248  0.836159 0.0809486  0.177887
 0.837054 -0.546174  0.032163 0.0281434
0.0711054 0.0503106 -0.996199  0.175345
        0         0         0         1
T_world_lidar: 
  0.54248  0.836159 0.0809486  0.177887
 0.837054 -0.546174  0.032163 0.0281434
0.0711054 0.0503106 -0.996199  0.175345
        0         0         0         1
v_world_imu: -0.229111 0.0506915 0.0190262
frame_13
id: 775
stamp: 1783948400.005908489
T_odom_lidar: 
  0.57088   0.81703 0.0809828  0.152034
 0.817573 -0.574748 0.0351937 0.0279611
 0.075299  0.046118 -0.996094  0.177196
        0         0         0         1
T_world_lidar: 
  0.57088   0.81703 0.0809828  0.152034
 0.817573 -0.574748 0.0351937 0.0279611
 0.075299  0.046118 -0.996094  0.177196
        0         0         0         1
v_world_imu:  -0.272995 -0.0355782  0.0238109
frame_14
id: 776
stamp: 1783948400.106814384
T_odom_lidar: 
 0.602361  0.795843 0.0615981  0.124904
  0.79469 -0.605159 0.0474283 0.0217929
0.0750221 0.0203825 -0.996974  0.179478
        0         0         0         1
T_world_lidar: 
 0.602361  0.795843 0.0615981  0.124904
  0.79469 -0.605159 0.0474283 0.0217929
0.0750221 0.0203825 -0.996974  0.179478
        0         0         0         1
v_world_imu:  -0.291983 -0.0627623  0.0253447
frame_15
id: 777
stamp: 1783948400.207640648
T_odom_lidar: 
   0.624154    0.780321   0.0391314   0.0949476
   0.778424   -0.625369   0.0544869   0.0149062
  0.0669889 -0.00354738   -0.997747    0.180796
          0           0           0           1
T_world_lidar: 
   0.624154    0.780321   0.0391314   0.0949476
   0.778424   -0.625369   0.0544869   0.0149062
  0.0669889 -0.00354738   -0.997747    0.180796
          0           0           0           1
v_world_imu:  -0.339801 -0.0586467 0.00111276
frame_16
id: 778
stamp: 1783948400.309909582
T_odom_lidar: 
   0.643809    0.764467   0.0331503    0.056185
   0.762632   -0.644595   0.0537599   0.0086837
  0.0624662 -0.00932966   -0.998003       0.181
          0           0           0           1
T_world_lidar: 
   0.643809    0.764467   0.0331503    0.056185
   0.762632   -0.644595   0.0537599   0.0086837
  0.0624662 -0.00932966   -0.998003       0.181
          0           0           0           1
v_world_imu:  -0.383508 -0.0393691 -0.0196722
frame_17
id: 779
stamp: 1783948400.411583424
T_odom_lidar: 
     0.65744     0.752323     0.042225   0.00858502
    0.750769    -0.658794    0.0483305   0.00382191
   0.0641777 -7.31926e-05    -0.997938     0.178588
           0            0            0            1
T_world_lidar: 
     0.65744     0.752323     0.042225   0.00858502
    0.750769    -0.658794    0.0483305   0.00382191
   0.0641777 -7.31926e-05    -0.997938     0.178588
           0            0            0            1
v_world_imu:  -0.381842 -0.0279092 -0.0505612
frame_18
id: 780
stamp: 1783948400.510246992
T_odom_lidar: 
    0.67063    0.739812   0.0541595  -0.0276474
   0.738506   -0.672742   0.0450233 0.000520609
  0.0697442  0.00980316   -0.997517    0.174027
          0           0           0           1
T_world_lidar: 
    0.67063    0.739812   0.0541595  -0.0276474
   0.738506   -0.672742   0.0450233 0.000520609
  0.0697442  0.00980316   -0.997517    0.174027
          0           0           0           1
v_world_imu:   -0.32308 -0.0383572  -0.036391
frame_19
id: 781
stamp: 1783948400.611104012
T_odom_lidar: 
   0.687751    0.723365   0.0611608    -0.05649
   0.721997   -0.690354   0.0461724 -0.00320313
  0.0756221   0.0124028   -0.997059    0.172205
          0           0           0           1
T_world_lidar: 
   0.687751    0.723365   0.0611608    -0.05649
   0.721997   -0.690354   0.0461724 -0.00320313
  0.0756221   0.0124028   -0.997059    0.172205
          0           0           0           1
v_world_imu:   -0.209784  -0.0270451 -0.00182491
frame_20
id: 782
stamp: 1783948400.711966276
T_odom_lidar: 
   0.701558    0.709747   0.0638352  -0.0715175
   0.708384   -0.704336    0.045861 -0.00579603
  0.0775111   0.0130457   -0.996906    0.173974
          0           0           0           1
T_world_lidar: 
   0.701558    0.709747   0.0638352  -0.0715175
   0.708384   -0.704336    0.045861 -0.00579603
  0.0775111   0.0130457   -0.996906    0.173974
          0           0           0           1
v_world_imu: -0.0715582 -0.0160692  0.0367915
frame_21
id: 783
stamp: 1783948400.812831640
T_odom_lidar: 
   0.705294     0.70572   0.0672317   -0.073433
   0.704807   -0.708242   0.0405161 -0.00721635
  0.0762093   0.0188096   -0.996914    0.180278
          0           0           0           1
T_world_lidar: 
   0.705294     0.70572   0.0672317   -0.073433
   0.704807   -0.708242   0.0405161 -0.00721635
  0.0762093   0.0188096   -0.996914    0.180278
          0           0           0           1
v_world_imu:  0.0448491 -0.0119889  0.0715314
frame_22
id: 784
stamp: 1783948400.913690090
T_odom_lidar: 
   0.706414    0.703861   0.0745644  -0.0646738
   0.704035   -0.709597   0.0283948 -0.00678739
  0.0728967   0.0324375   -0.996812    0.187645
          0           0           0           1
T_world_lidar: 
   0.706414    0.703861   0.0745644  -0.0646738
   0.704035   -0.709597   0.0283948 -0.00678739
  0.0728967   0.0324375   -0.996812    0.187645
          0           0           0           1
v_world_imu:   0.137678 0.00206036  0.0849503
frame_23
id: 785
stamp: 1783948401.014573336
T_odom_lidar: 
   0.705134    0.704574   0.0797554  -0.0469465
    0.70603   -0.708063   0.0130079 -0.00505286
  0.0656368   0.0471374    -0.99673     0.19697
          0           0           0           1
T_world_lidar: 
   0.705134    0.704574   0.0797554  -0.0469465
    0.70603   -0.708063   0.0130079 -0.00505286
  0.0656368   0.0471374    -0.99673     0.19697
          0           0           0           1
v_world_imu:   0.213925 0.00486147   0.104951
frame_24
id: 786
stamp: 1783948401.116064072
T_odom_lidar: 
    0.697193     0.711348    0.0889201   -0.0210607
    0.714188    -0.699954 -0.000177062  -0.00504187
    0.062114    0.0636291    -0.996039     0.207871
           0            0            0            1
T_world_lidar: 
    0.697193     0.711348    0.0889201   -0.0210607
    0.714188    -0.699954 -0.000177062  -0.00504187
    0.062114    0.0636291    -0.996039     0.207871
           0            0            0            1
v_world_imu:   0.272481 0.00368498  0.0914076
frame_25
id: 787
stamp: 1783948401.216282606
T_odom_lidar: 
   0.689222    0.718458   0.0937617  0.00879892
   0.721883   -0.692004 -0.00386937 -0.00439144
  0.0621035   0.0703519   -0.995587    0.217239
          0           0           0           1
T_world_lidar: 
   0.689222    0.718458   0.0937617  0.00879892
   0.721883   -0.692004 -0.00386937 -0.00439144
  0.0621035   0.0703519   -0.995587    0.217239
          0           0           0           1
v_world_imu:   0.321602 -0.0032432   0.105672
frame_26
id: 788
stamp: 1783948401.317147017
T_odom_lidar: 
   0.677337    0.729007   0.0988088   0.0429574
   0.732801   -0.680436 -0.00314524 -0.00442129
  0.0649402   0.0745376   -0.995101    0.229577
          0           0           0           1
T_world_lidar: 
   0.677337    0.729007   0.0988088   0.0429574
   0.732801   -0.680436 -0.00314524 -0.00442129
  0.0649402   0.0745376   -0.995101    0.229577
          0           0           0           1
v_world_imu:  0.362659 0.0158061  0.138449
