1783948398.694674969 -0.060054 -0.053516 -0.050723 0.029383 -0.044377 -0.304312 0.951084
1783948398.702040434 -0.061163 -0.053399 -0.052795 0.030316 -0.044661 -0.304569 0.950960
1783948398.712013006 -0.062597 -0.053152 -0.055310 0.031338 -0.044648 -0.305329 0.950683
1783948398.722037077 -0.063936 -0.052828 -0.057532 0.032258 -0.044628 -0.306322 0.950334
1783948398.732038021 -0.065164 -0.052449 -0.059444 0.033024 -0.044395 -0.307529 0.949929
1783948398.741948128 -0.066280 -0.052040 -0.061036 0.033720 -0.043964 -0.308943 0.949465
1783948398.751975775 -0.067327 -0.051598 -0.062348 0.034385 -0.043518 -0.310600 0.948921
1783948398.761981487 -0.068284 -0.051142 -0.063374 0.035013 -0.042903 -0.312453 0.948318
1783948398.771958113 -0.069152 -0.050676 -0.064139 0.035594 -0.042209 -0.314500 0.947650
1783948398.781973362 -0.069939 -0.050196 -0.064663 0.036142 -0.041412 -0.316741 0.946918
1783948398.792047501 -0.070652 -0.049716 -0.064951 0.036746 -0.040505 -0.319128 0.946132
1783948398.795577765 -0.070851 -0.049548 -0.065016 0.036960 -0.040242 -0.319806 0.945906
1783948398.795577765 -0.070851 -0.049548 -0.065016 0.036960 -0.040242 -0.319806 0.945906
1783948398.801981449 -0.071377 -0.049299 -0.064869 0.037397 -0.039825 -0.321321 0.945393
1783948398.811974049 -0.072164 -0.048932 -0.064425 0.038120 -0.039041 -0.324091 0.944451
1783948398.821974277 -0.072870 -0.048578 -0.063785 0.038869 -0.038224 -0.326766 0.943532
1783948398.834364414 -0.073653 -0.048167 -0.062707 0.039736 -0.037170 -0.330234 0.942329
1783948398.841966152 -0.074016 -0.047912 -0.061961 0.040279 -0.036470 -0.331848 0.941767
1783948398.851942062 -0.074419 -0.047579 -0.060819 0.040962 -0.035526 -0.334053 0.940993
1783948398.861956358 -0.074696 -0.047228 -0.059540 0.041569 -0.034526 -0.336102 0.940274
1783948398.871981859 -0.074842 -0.046853 -0.058145 0.042104 -0.033451 -0.337993 0.939611
1783948398.882013798 -0.074851 -0.046450 -0.056645 0.042522 -0.032346 -0.339805 0.938977
1783948398.892049074 -0.074714 -0.046020 -0.055052 0.042869 -0.031121 -0.341536 0.938375
1783948398.896436214 -0.074580 -0.045812 -0.054359 0.042971 -0.030618 -0.342043 0.938202
1783948398.896436214 -0.074580 -0.045812 -0.054359 0.042971 -0.030618 -0.342043 0.938202
1783948398.902441263 -0.074564 -0.045524 -0.053232 0.043110 -0.029903 -0.343047 0.937852
1783948398.912019253 -0.074460 -0.045026 -0.051352 0.043172 -0.028632 -0.345088 0.937140
1783948398.922023296 -0.074190 -0.044469 -0.049327 0.043133 -0.027262 -0.347229 0.936391
1783948398.931967974 -0.073755 -0.043883 -0.047263 0.042939 -0.025932 -0.349231 0.935693
1783948398.941990614 -0.073149 -0.043273 -0.045139 0.042599 -0.024503 -0.351133 0.935035
1783948398.951988220 -0.072386 -0.042643 -0.042984 0.042158 -0.023145 -0.352861 0.934439
1783948398.964415789 -0.071262 -0.041826 -0.040227 0.041453 -0.021496 -0.355256 0.933602
1783948398.971998930 -0.070393 -0.041322 -0.038555 0.040940 -0.020496 -0.356009 0.933360
1783948398.982062817 -0.069138 -0.040625 -0.036288 0.040189 -0.019281 -0.357174 0.932974
1783948398.991983652 -0.067734 -0.039917 -0.034029 0.039383 -0.018104 -0.358061 0.932692
1783948398.997274637 -0.066879 -0.039535 -0.032837 0.038911 -0.017542 -0.358048 0.932727
1783948398.997274637 -0.066879 -0.039535 -0.032837 0.038911 -0.017542 -0.358048 0.932727
1783948399.001983881 -0.066245 -0.039167 -0.031673 0.038478 -0.017079 -0.358148 0.932715
1783948399.012058258 -0.064875 -0.038348 -0.029118 0.037491 -0.016278 -0.359093 0.932406
1783948399.022041321 -0.063350 -0.037528 -0.026574 0.036475 -0.015505 -0.359721 0.932218
1783948399.031949759 -0.061686 -0.036712 -0.024045 0.035449 -0.014917 -0.360022 0.932151
1783948399.042078733 -0.059838 -0.035882 -0.021453 0.034399 -0.014498 -0.360127 0.932156
1783948399.052002192 -0.057878 -0.035080 -0.018916 0.033403 -0.014197 -0.359989 0.932250
1783948399.061985493 -0.055768 -0.034276 -0.016366 0.032421 -0.014150 -0.359721 0.932389
1783948399.072052717 -0.053492 -0.033466 -0.013800 0.031444 -0.014212 -0.359312 0.932579
1783948399.082056999 -0.051094 -0.032661 -0.011262 0.030558 -0.014493 -0.358779 0.932810
1783948399.091963053 -0.048580 -0.031853 -0.008767 0.029701 -0.015030 -0.358122 0.933081
1783948399.098136425 -0.046890 -0.031349 -0.007246 0.029187 -0.015480 -0.357212 0.933439
1783948399.098136425 -0.046890 -0.031349 -0.007246 0.029187 -0.015480 -0.357212 0.933439
1783948399.102054358 -0.045845 -0.031013 -0.006230 0.028837 -0.015822 -0.356555 0.933695
1783948399.112032413 -0.043126 -0.030118 -0.003645 0.027906 -0.016983 -0.356089 0.933881
1783948399.121958733 -0.040266 -0.029221 -0.001115 0.027013 -0.018324 -0.355461 0.934121
1783948399.131959200 -0.037238 -0.028319 0.001396 0.026189 -0.019862 -0.354646 0.934423
1783948399.141994476 -0.034060 -0.027409 0.003878 0.025344 -0.021564 -0.353581 0.934812
1783948399.152001143 -0.030756 -0.026491 0.006313 0.024526 -0.023446 -0.352241 0.935294
1783948399.161970139 -0.027338 -0.025568 0.008699 0.023666 -0.025343 -0.350579 0.935891
1783948399.171997547 -0.023793 -0.024631 0.011050 0.022804 -0.027396 -0.348618 0.936587
1783948399.182711840 -0.019890 -0.023611 0.013504 0.021888 -0.029682 -0.346354 0.937379
1783948399.192265987 -0.016289 -0.022687 0.015625 0.021007 -0.031648 -0.343794 0.938277
1783948399.199006557 -0.013675 -0.022026 0.017075 0.020355 -0.033048 -0.341346 0.939136
1783948399.199006557 -0.013675 -0.022026 0.017075 0.020355 -0.033048 -0.341346 0.939136
1783948399.201965809 -0.012580 -0.021713 0.017694 0.020107 -0.033632 -0.340021 0.939601
1783948399.211994648 -0.008876 -0.020623 0.019707 0.019363 -0.035623 -0.336895 0.940669
1783948399.221977949 -0.005082 -0.019507 0.021652 0.018584 -0.037507 -0.333686 0.941754
1783948399.231973886 -0.001186 -0.018364 0.023556 0.017796 -0.039383 -0.330528 0.942806
1783948399.242033958 0.002832 -0.017199 0.025441 0.017045 -0.041150 -0.327526 0.943792
1783948399.253441095 0.007488 -0.015870 0.027544 0.016183 -0.043022 -0.324733 0.944688
1783948399.262001276 0.011093 -0.014879 0.029124 0.015533 -0.044261 -0.322335 0.945463
1783948399.272030115 0.015383 -0.013724 0.030957 0.014826 -0.045557 -0.320211 0.946134
1783948399.286429882 0.021621 -0.012072 0.033539 0.013917 -0.047275 -0.318973 0.946482
1783948399.292009592 0.024143 -0.011446 0.034564 0.013561 -0.047795 -0.317562 0.946935
1783948399.299859762 0.027722 -0.010555 0.035994 0.013102 -0.048349 -0.316148 0.947386
1783948399.299859762 0.027722 -0.010555 0.035994 0.013102 -0.048349 -0.316148 0.947386
1783948399.301961660 0.028661 -0.010295 0.036351 0.012983 -0.048510 -0.315486 0.947601
1783948399.312083960 0.033190 -0.009008 0.038012 0.012635 -0.049404 -0.314151 0.948003
1783948399.322011948 0.037706 -0.007769 0.039644 0.012419 -0.050001 -0.312972 0.948364
1783948399.332032442 0.042324 -0.006542 0.041286 0.012312 -0.050461 -0.312019 0.948655
1783948399.342035055 0.046997 -0.005340 0.042909 0.012321 -0.050674 -0.311203 0.948911
1783948399.352010489 0.051709 -0.004168 0.044492 0.012506 -0.050657 -0.310570 0.949117
1783948399.361999273 0.056469 -0.003011 0.046033 0.012780 -0.050488 -0.310044 0.949295
1783948399.372050524 0.061305 -0.001873 0.047543 0.013203 -0.050070 -0.309704 0.949422
1783948399.383505583 0.066856 -0.000633 0.049223 0.013924 -0.049425 -0.309782 0.949420
1783948399.392020226 0.071030 0.000218 0.050483 0.014539 -0.048731 -0.309525 0.949530
1783948399.400731087 0.075327 0.001026 0.051781 0.015306 -0.047883 -0.309448 0.949587
1783948399.400731087 0.075327 0.001026 0.051781 0.015306 -0.047883 -0.309448 0.949587
1783948399.401972055 0.075917 0.001136 0.051941 0.015397 -0.047731 -0.309241 0.949660
1783948399.412038565 0.080671 0.002001 0.053151 0.016452 -0.046524 -0.309080 0.949755
1783948399.422019243 0.085417 0.002760 0.054377 0.017626 -0.045230 -0.309086 0.949794
1783948399.432041407 0.090224 0.003424 0.055631 0.018950 -0.043734 -0.309282 0.949775
1783948399.444080353 0.096036 0.004100 0.057133 0.020727 -0.041801 -0.310109 0.949555
1783948399.452073812 0.099938 0.004458 0.058186 0.021968 -0.040356 -0.310223 0.949553
1783948399.462002039 0.104809 0.004829 0.059483 0.023593 -0.038452 -0.310694 0.949439
1783948399.472063541 0.109786 0.005101 0.060814 0.025327 -0.036376 -0.311331 0.949267
1783948399.481997967 0.114740 0.005258 0.062153 0.027024 -0.034265 -0.311860 0.949125
1783948399.492105246 0.119820 0.005327 0.063544 0.028759 -0.031938 -0.312564 0.948924
1783948399.501620293 0.124634 0.005314 0.064887 0.030480 -0.029671 -0.313044 0.948786
1783948399.501620293 0.124634 0.005314 0.064887 0.030480 -0.029671 -0.313044 0.948786
1783948399.502037287 0.124840 0.005308 0.064936 0.030548 -0.029560 -0.313016 0.948796
1783948399.511981487 0.129745 0.005063 0.065993 0.032244 -0.026992 -0.313299 0.948723
1783948399.522021294 0.134690 0.004763 0.067072 0.033898 -0.024333 -0.313393 0.948706
1783948399.532009840 0.139584 0.004428 0.068155 0.035511 -0.021684 -0.313310 0.948739
1783948399.541983366 0.144429 0.004077 0.069243 0.037096 -0.018968 -0.312929 0.948862
1783948399.552044868 0.149253 0.003724 0.070348 0.038594 -0.016286 -0.312290 0.949063
1783948399.562012196 0.153941 0.003391 0.071461 0.039971 -0.013790 -0.311383 0.949343
1783948399.572864532 0.158937 0.003048 0.072693 0.041434 -0.011260 -0.310356 0.949650
1783948399.582021952 0.163071 0.002817 0.073786 0.042514 -0.009081 -0.309092 0.950038
1783948399.592051744 0.167487 0.002626 0.075013 0.043616 -0.006832 -0.307764 0.950438
1783948399.602459908 0.171918 0.002506 0.076331 0.044719 -0.004751 -0.306350 0.950856
1783948399.602459908 0.171918 0.002506 0.076331 0.044719 -0.004751 -0.306350 0.950856
1783948399.605387688 0.173099 0.002484 0.076667 0.044961 -0.004129 -0.305598 0.951089
1783948399.612008333 0.175700 0.002436 0.077431 0.045461 -0.002879 -0.304138 0.951538
1783948399.622017860 0.179454 0.002424 0.078607 0.046013 -0.001312 -0.302284 0.952106
1783948399.635087967 0.184025 0.002532 0.080185 0.046517 0.000248 -0.300392 0.952681
1783948399.641997576 0.186337 0.002713 0.081063 0.046686 0.001048 -0.299069 0.953088
1783948399.652052164 0.189469 0.003042 0.082354 0.046855 0.001937 -0.297546 0.953555
1783948399.661984205 0.192296 0.003516 0.083659 0.046884 0.002307 -0.296082 0.954008
1783948399.672276258 0.194943 0.004174 0.085040 0.046587 0.002305 -0.294652 0.954466
1783948399.682058811 0.197201 0.004955 0.086381 0.046275 0.002101 -0.293262 0.954909
1783948399.692059517 0.199229 0.005895 0.087774 0.045881 0.001583 -0.291980 0.955322
1783948399.702045202 0.200962 0.006981 0.089183 0.045267 0.000684 -0.290792 0.955715
1783948399.703353882 0.201178 0.007148 0.089373 0.045161 0.000559 -0.290574 0.955786
1783948399.703353882 0.201178 0.007148 0.089373 0.045161 0.000559 -0.290574 0.955786
1783948399.712027311 0.202289 0.007954 0.090444 0.044435 -0.000207 -0.289091 0.956270
1783948399.722018242 0.203274 0.008955 0.091682 0.043544 -0.001283 -0.287598 0.956760
1783948399.732209444 0.203974 0.010086 0.092930 0.042536 -0.002694 -0.286430 0.957153
1783948399.742024422 0.204376 0.011291 0.094110 0.041470 -0.004291 -0.285549 0.957457
1783948399.752054453 0.204515 0.012617 0.095301 0.040212 -0.006137 -0.284924 0.957687
1783948399.762575865 0.204366 0.014076 0.096544 0.038788 -0.008342 -0.284580 0.957831
1783948399.771998644 0.204012 0.015444 0.097639 0.037545 -0.010378 -0.284456 0.957897
1783948399.782031536 0.203398 0.016887 0.098795 0.036319 -0.012577 -0.284574 0.957883
1783948399.792005539 0.202568 0.018326 0.099920 0.035098 -0.014886 -0.284893 0.957801
1783948399.802100658 0.201529 0.019781 0.101031 0.033805 -0.017263 -0.285344 0.957673
1783948399.805352211 0.201185 0.020308 0.101365 0.033425 -0.017990 -0.285441 0.957644
1783948399.805352211 0.201185 0.020308 0.101365 0.033425 -0.017990 -0.285441 0.957644
1783948399.812409639 0.200397 0.021284 0.101767 0.032553 -0.019536 -0.285300 0.957686
1783948399.822066545 0.199179 0.022548 0.102257 0.031528 -0.021531 -0.285020 0.957761
1783948399.831996202 0.197762 0.023783 0.102729 0.030579 -0.023555 -0.284651 0.957854
1783948399.842038155 0.196177 0.024955 0.103184 0.029711 -0.025562 -0.284217 0.957959
1783948399.852022648 0.194470 0.026030 0.103622 0.029033 -0.027394 -0.283743 0.958069
1783948399.862830162 0.192483 0.027079 0.104065 0.028381 -0.029164 -0.283225 0.958190
1783948399.872004271 0.190688 0.027909 0.104441 0.027957 -0.030550 -0.282950 0.958240
1783948399.882037640 0.188625 0.028739 0.104815 0.027567 -0.031904 -0.282868 0.958232
1783948399.893311501 0.186197 0.029572 0.105185 0.027188 -0.033193 -0.283124 0.958123
1783948399.902042150 0.184243 0.030180 0.105486 0.026992 -0.034027 -0.283757 0.957912
1783948399.905060291 0.183553 0.030395 0.105611 0.026955 -0.034261 -0.284159 0.957786
1783948399.905060291 0.183553 0.030395 0.105611 0.026955 -0.034261 -0.284159 0.957786
1783948399.912037849 0.181931 0.030667 0.105676 0.026864 -0.034821 -0.284608 0.957635
1783948399.924344540 0.178986 0.030982 0.105731 0.026794 -0.035583 -0.285265 0.957413
1783948399.932061911 0.177096 0.031143 0.105815 0.026834 -0.035885 -0.286292 0.957094
1783948399.942096233 0.174597 0.031259 0.105923 0.026904 -0.036101 -0.287735 0.956651
1783948399.955089569 0.171292 0.031248 0.106071 0.027105 -0.036077 -0.289579 0.956090
1783948399.962070704 0.169484 0.031222 0.106218 0.027287 -0.035949 -0.291097 0.955628
1783948399.972041130 0.166862 0.031107 0.106428 0.027625 -0.035630 -0.293107 0.955016
1783948399.982049942 0.164192 0.030946 0.106676 0.027978 -0.035122 -0.295183 0.954385
1783948399.992206573 0.161447 0.030741 0.106970 0.028379 -0.034495 -0.297342 0.953726
1783948400.002099752 0.158746 0.030504 0.107305 0.028822 -0.033708 -0.299536 0.953053
1783948400.005908489 0.157702 0.030425 0.107469 0.028994 -0.033352 -0.300620 0.952719
1783948400.005908489 0.157702 0.030425 0.107469 0.028994 -0.033352 -0.300620 0.952719
1783948400.012042046 0.156014 0.030165 0.107565 0.029271 -0.032881 -0.302006 0.952289
1783948400.022218943 0.153193 0.029678 0.107705 0.029690 -0.032056 -0.303819 0.951728
1783948400.032072067 0.150452 0.029181 0.107867 0.030052 -0.031088 -0.305645 0.951163
1783948400.042048693 0.147666 0.028658 0.108046 0.030373 -0.030021 -0.307555 0.950572
1783948400.051990509 0.144875 0.028118 0.108238 0.030679 -0.028843 -0.309444 0.949985
1783948400.061985970 0.142054 0.027567 0.108447 0.030993 -0.027620 -0.311356 0.949386
1783948400.072014570 0.139212 0.027015 0.108675 0.031294 -0.026333 -0.313183 0.948812
1783948400.084817171 0.135556 0.026291 0.108966 0.031642 -0.024689 -0.314886 0.948280
1783948400.092056513 0.133484 0.025913 0.109196 0.031867 -0.023688 -0.316311 0.947824
1783948400.102115870 0.130578 0.025359 0.109509 0.032169 -0.022329 -0.317780 0.947355
1783948400.106814384 0.129216 0.025113 0.109689 0.032325 -0.021641 -0.318763 0.947036
1783948400.106814384 0.129216 0.025113 0.109689 0.032325 -0.021641 -0.318763 0.947036
1783948400.112046957 0.127689 0.024768 0.109791 0.032450 -0.020875 -0.319735 0.946721
1783948400.122018337 0.124758 0.024095 0.109954 0.032540 -0.019533 -0.320751 0.946403
1783948400.132045984 0.121773 0.023413 0.110119 0.032580 -0.018149 -0.321712 0.946103
1783948400.142026186 0.118755 0.022731 0.110282 0.032602 -0.016805 -0.322676 0.945799
1783948400.152017117 0.115681 0.022050 0.110435 0.032605 -0.015530 -0.323685 0.945475
1783948400.162025690 0.112553 0.021383 0.110565 0.032591 -0.014302 -0.324773 0.945122
1783948400.172049761 0.109380 0.020747 0.110670 0.032491 -0.013134 -0.325978 0.944728
1783948400.182017565 0.106179 0.020143 0.110753 0.032395 -0.011999 -0.327287 0.944293
1783948400.192087173 0.102890 0.019559 0.110823 0.032305 -0.010907 -0.328678 0.943826
1783948400.202069044 0.099570 0.019010 0.110892 0.032218 -0.009959 -0.330094 0.943345
1783948400.207640648 0.097687 0.018720 0.110954 0.032207 -0.009434 -0.331286 0.942933
1783948400.207640648 0.097687 0.018720 0.110954 0.032207 -0.009434 -0.331286 0.942933
1783948400.211992264 0.096172 0.018437 0.110963 0.032191 -0.009010 -0.332279 0.942589
1783948400.222055674 0.092561 0.017739 0.111000 0.032018 -0.008232 -0.333583 0.942141
1783948400.232054710 0.088906 0.017056 0.111042 0.031862 -0.007573 -0.334852 0.941702
1783948400.242015839 0.085200 0.016381 0.111086 0.031694 -0.007014 -0.336009 0.941299
1783948400.252096415 0.081381 0.015710 0.111127 0.031573 -0.006566 -0.337118 0.940910
1783948400.262024879 0.077557 0.015076 0.111158 0.031470 -0.006290 -0.338179 0.940535
1783948400.272021532 0.073655 0.014470 0.111178 0.031311 -0.006077 -0.339193 0.940176
1783948400.282026768 0.069705 0.013896 0.111184 0.031196 -0.005984 -0.340177 0.939825
1783948400.292054892 0.065701 0.013349 0.111179 0.031058 -0.006033 -0.341158 0.939473
1783948400.302079439 0.061661 0.012825 0.111163 0.030970 -0.006183 -0.342109 0.939129
1783948400.309909582 0.058506 0.012447 0.111140 0.030952 -0.006344 -0.343112 0.938763
1783948400.309909582 0.058506 0.012447 0.111140 0.030952 -0.006344 -0.343112 0.938763
1783948400.311991930 0.057649 0.012349 0.111107 0.030969 -0.006359 -0.343582 0.938590
1783948400.322057009 0.053039 0.011761 0.110996 0.030822 -0.006587 -0.344658 0.938199
1783948400.332020521 0.048454 0.011199 0.110861 0.030703 -0.006898 -0.345669 0.937829
1783948400.342005014 0.043838 0.010658 0.110692 0.030601 -0.007268 -0.346593 0.937488
1783948400.352028131 0.039180 0.010130 0.110484 0.030454 -0.007704 -0.347444 0.937174
1783948400.362092733 0.034484 0.009610 0.110240 0.030357 -0.008219 -0.348221 0.936885
1783948400.372638464 0.029529 0.009070 0.109956 0.030254 -0.008810 -0.348902 0.936629
1783948400.382008314 0.025191 0.008616 0.109677 0.030193 -0.009363 -0.349624 0.936357
1783948400.392037153 0.020520 0.008125 0.109371 0.030146 -0.010012 -0.350296 0.936100
1783948400.402079344 0.015874 0.007646 0.109051 0.030096 -0.010658 -0.350985 0.935837
1783948400.411583424 0.011541 0.007205 0.108732 0.030065 -0.011264 -0.351726 0.935552
1783948400.411583424 0.011541 0.007205 0.108732 0.030065 -0.011264 -0.351726 0.935552
1783948400.412070513 0.011355 0.007191 0.108707 0.030072 -0.011291 -0.351821 0.935516
1783948400.422003984 0.007593 0.006893 0.108181 0.029996 -0.011898 -0.352924 0.935095
1783948400.432062387 0.003816 0.006585 0.107654 0.029949 -0.012534 -0.354012 0.934677
1783948400.442014694 0.000109 0.006264 0.107147 0.029956 -0.013190 -0.355069 0.934267
1783948400.452074051 -0.003593 0.005919 0.106652 0.029990 -0.013833 -0.356026 0.933892
1783948400.462070227 -0.007227 0.005556 0.106181 0.030088 -0.014457 -0.356893 0.933548
1783948400.473059654 -0.011163 0.005138 0.105685 0.030198 -0.015155 -0.357603 0.933262
1783948400.482114792 -0.014350 0.004792 0.105296 0.030335 -0.015687 -0.358324 0.932972
1783948400.492069483 -0.017787 0.004404 0.104885 0.030467 -0.016250 -0.358991 0.932702
1783948400.503227949 -0.021547 0.003954 0.104450 0.030601 -0.016844 -0.359557 0.932469
1783948400.510246992 -0.023856 0.003672 0.104201 0.030779 -0.017154 -0.360277 0.932180
1783948400.510246992 -0.023856 0.003672 0.104201 0.030779 -0.017154 -0.360277 0.932180
1783948400.511996508 -0.024427 0.003603 0.104138 0.030853 -0.017224 -0.360580 0.932059
1783948400.522133112 -0.027746 0.003189 0.103799 0.031056 -0.017638 -0.361749 0.931591
1783948400.533189535 -0.031259 0.002741 0.103467 0.031268 -0.018073 -0.363046 0.931071
1783948400.542103052 -0.033978 0.002392 0.103230 0.031477 -0.018344 -0.364297 0.930570
1783948400.552112341 -0.036941 0.002007 0.102998 0.031687 -0.018622 -0.365627 0.930036
1783948400.562151432 -0.039802 0.001636 0.102804 0.031887 -0.018868 -0.366890 0.929526
1783948400.572025537 -0.042509 0.001288 0.102650 0.032084 -0.019084 -0.368056 0.929054
1783948400.582008123 -0.045148 0.000949 0.102533 0.032280 -0.019311 -0.369078 0.928637
1783948400.592067242 -0.047700 0.000622 0.102455 0.032458 -0.019509 -0.369968 0.928272
1783948400.602458954 -0.050222 0.000294 0.102415 0.032630 -0.019699 -0.370731 0.927958
1783948400.611104012 -0.052209 0.000029 0.102411 0.032822 -0.019824 -0.371382 0.927688
1783948400.611104012 -0.052209 0.000029 0.102411 0.032822 -0.019824 -0.371382 0.927688
1783948400.612010002 -0.052400 0.000002 0.102410 0.032863 -0.019834 -0.371516 0.927633
1783948400.622049809 -0.054476 -0.000328 0.102432 0.033100 -0.019940 -0.372667 0.927160
1783948400.632067919 -0.056418 -0.000639 0.102479 0.033320 -0.020048 -0.373750 0.926714
1783948400.642047644 -0.058218 -0.000925 0.102550 0.033487 -0.020124 -0.374800 0.926282
1783948400.652043819 -0.059884 -0.001191 0.102651 0.033576 -0.020163 -0.375791 0.925876
1783948400.662036419 -0.061420 -0.001447 0.102788 0.033642 -0.020238 -0.376749 0.925483
1783948400.672049284 -0.062829 -0.001690 0.102971 0.033675 -0.020319 -0.377669 0.925105
1783948400.682020426 -0.064094 -0.001922 0.103201 0.033657 -0.020433 -0.378529 0.924752
1783948400.697445631 -0.065800 -0.002308 0.103667 0.033454 -0.020662 -0.379467 0.924370
1783948400.702997684 -0.066309 -0.002409 0.103853 0.033459 -0.020708 -0.379917 0.924183
1783948400.711966276 -0.067049 -0.002586 0.104190 0.033380 -0.020801 -0.380386 0.923991
1783948400.711966276 -0.067049 -0.002586 0.104190 0.033380 -0.020801 -0.380386 0.923991
1783948400.712024450 -0.067054 -0.002587 0.104193 0.033379 -0.020802 -0.380393 0.923988
1783948400.722080469 -0.067772 -0.002796 0.104649 0.033322 -0.020885 -0.381256 0.923633
1783948400.732564449 -0.068378 -0.003006 0.105170 0.033240 -0.021014 -0.381948 0.923347
1783948400.742054939 -0.068796 -0.003183 0.105673 0.033154 -0.021142 -0.382409 0.923156
1783948400.752023697 -0.069119 -0.003361 0.106240 0.033016 -0.021312 -0.382744 0.923018
1783948400.762425900 -0.069340 -0.003549 0.106872 0.032851 -0.021526 -0.382950 0.922934
1783948400.772051811 -0.069435 -0.003717 0.107488 0.032677 -0.021773 -0.383061 0.922888
1783948400.782033205 -0.069427 -0.003889 0.108169 0.032471 -0.022076 -0.383104 0.922870
1783948400.792036295 -0.069311 -0.004057 0.108891 0.032222 -0.022418 -0.383096 0.922874
1783948400.802068233 -0.069087 -0.004218 0.109649 0.031964 -0.022840 -0.383018 0.922905
1783948400.812403202 -0.068745 -0.004375 0.110461 0.031627 -0.023285 -0.382893 0.922958
1783948400.812831640 -0.068727 -0.004380 0.110494 0.031617 -0.023306 -0.382880 0.922963
1783948400.812831640 -0.068727 -0.004380 0.110494 0.031617 -0.023306 -0.382880 0.922963
1783948400.823438168 -0.068214 -0.004507 0.111178 0.031335 -0.023814 -0.383234 0.922812
1783948400.832034349 -0.067717 -0.004598 0.111758 0.031090 -0.024256 -0.383377 0.922750
1783948400.842092514 -0.067044 -0.004686 0.112440 0.030766 -0.024780 -0.383539 0.922679
1783948400.852404356 -0.066248 -0.004750 0.113155 0.030401 -0.025344 -0.383681 0.922617
1783948400.862086773 -0.065406 -0.004793 0.113849 0.030038 -0.025880 -0.383679 0.922615
1783948400.872090578 -0.064446 -0.004818 0.114584 0.029641 -0.026472 -0.383671 0.922614
1783948400.886445999 -0.062913 -0.004833 0.115641 0.028952 -0.027331 -0.383938 0.922500
1783948400.892056704 -0.062255 -0.004830 0.116098 0.028694 -0.027667 -0.383782 0.922563
1783948400.902101994 -0.061009 -0.004819 0.116907 0.028154 -0.028278 -0.383765 0.922568
1783948400.912121773 -0.059674 -0.004803 0.117730 0.027535 -0.028899 -0.383765 0.922568
1783948400.913690090 -0.059454 -0.004800 0.117868 0.027448 -0.028995 -0.383704 0.922593
1783948400.913690090 -0.059454 -0.004800 0.117868 0.027448 -0.028995 -0.383704 0.922593
1783948400.922020435 -0.058281 -0.004767 0.118551 0.027011 -0.029432 -0.384036 0.922453
1783948400.932087183 -0.056771 -0.004713 0.119385 0.026412 -0.029944 -0.384556 0.922238
1783948400.942089796 -0.055174 -0.004648 0.120229 0.025792 -0.030465 -0.385006 0.922051
1783948400.952085018 -0.053491 -0.004574 0.121092 0.025172 -0.030959 -0.385286 0.921934
1783948400.962099314 -0.051731 -0.004495 0.121980 0.024526 -0.031484 -0.385365 0.921901
1783948400.972034693 -0.049919 -0.004420 0.122893 0.023899 -0.032013 -0.385194 0.921971
1783948400.983172417 -0.047808 -0.004339 0.123956 0.023214 -0.032596 -0.384877 0.922100
1783948400.992062807 -0.046057 -0.004280 0.124847 0.022664 -0.033119 -0.384251 0.922356
1783948401.002092361 -0.044011 -0.004216 0.125881 0.022034 -0.033676 -0.383518 0.922656
1783948401.014573336 -0.041364 -0.004142 0.127199 0.021303 -0.034372 -0.382794 0.922948
1783948401.014573336 -0.041364 -0.004142 0.127199 0.021303 -0.034372 -0.382794 0.922948
1783948401.014587641 -0.041360 -0.004143 0.127201 0.021302 -0.034373 -0.382805 0.922944
1783948401.022069216 -0.039663 -0.004154 0.127984 0.020897 -0.034895 -0.382175 0.923194
1783948401.032062531 -0.037307 -0.004197 0.129044 0.020404 -0.035599 -0.381623 0.923407
1783948401.045384407 -0.034018 -0.004304 0.130475 0.019775 -0.036615 -0.381446 0.923454
1783948401.052057505 -0.032368 -0.004344 0.131204 0.019447 -0.037088 -0.380803 0.923707
1783948401.062136650 -0.029790 -0.004439 0.132310 0.018990 -0.037800 -0.380287 0.923901
1783948401.072072268 -0.027189 -0.004549 0.133409 0.018545 -0.038505 -0.379778 0.924090
1783948401.082273245 -0.024445 -0.004676 0.134538 0.018119 -0.039200 -0.379329 0.924254
1783948401.092074871 -0.021741 -0.004797 0.135615 0.017709 -0.039857 -0.378879 0.924418
1783948401.102080822 -0.018907 -0.004918 0.136692 0.017306 -0.040466 -0.378476 0.924564
1783948401.112374306 -0.015908 -0.005032 0.137768 0.016888 -0.041046 -0.378094 0.924703
1783948401.116064072 -0.014836 -0.005054 0.138148 0.016742 -0.041235 -0.377658 0.924875
1783948401.116064072 -0.014836 -0.005054 0.138148 0.016742 -0.041235 -0.377658 0.924875
1783948401.122055531 -0.013189 -0.005014 0.138675 0.016534 -0.041497 -0.377229 0.925042
1783948401.132102489 -0.010374 -0.004929 0.139535 0.016265 -0.041888 -0.377046 0.925104
1783948401.142129660 -0.007505 -0.004851 0.140394 0.016041 -0.042253 -0.376792 0.925195
1783948401.152031183 -0.004615 -0.004782 0.141253 0.015867 -0.042561 -0.376427 0.925332
1783948401.162091970 -0.001623 -0.004725 0.142143 0.015745 -0.042852 -0.376005 0.925492
1783948401.172052860 0.001386 -0.004688 0.143050 0.015660 -0.043119 -0.375510 0.925682
1783948401.182071447 0.004466 -0.004663 0.143995 0.015621 -0.043406 -0.374954 0.925895
1783948401.192109823 0.007605 -0.004646 0.144980 0.015596 -0.043654 -0.374356 0.926125
1783948401.205403805 0.011836 -0.004627 0.146341 0.015678 -0.043974 -0.374078 0.926221
1783948401.212113142 0.014003 -0.004645 0.147076 0.015693 -0.044154 -0.373259 0.926543
1783948401.216282606 0.015362 -0.004662 0.147548 0.015708 -0.044268 -0.372574 0.926813
1783948401.216282606 0.015362 -0.004662 0.147548 0.015708 -0.044268 -0.372574 0.926813
1783948401.222079039 0.017226 -0.004676 0.148143 0.015755 -0.044424 -0.371811 0.927111
1783948401.232078552 0.020473 -0.004700 0.149185 0.015912 -0.044648 -0.371159 0.927359
1783948401.242135763 0.023783 -0.004735 0.150281 0.016110 -0.044878 -0.370536 0.927593
1783948401.252133369 0.027113 -0.004777 0.151414 0.016270 -0.045090 -0.369916 0.927828
1783948401.262109995 0.030478 -0.004818 0.152591 0.016423 -0.045326 -0.369314 0.928053
1783948401.272060156 0.033877 -0.004850 0.153814 0.016527 -0.045528 -0.368744 0.928268
1783948401.282080173 0.037340 -0.004864 0.155098 0.016647 -0.045788 -0.368135 0.928495
1783948401.292079210 0.040845 -0.004849 0.156426 0.016691 -0.046033 -0.367503 0.928732
1783948401.302063465 0.044396 -0.004798 0.157790 0.016709 -0.046257 -0.366757 0.929016
1783948401.312141657 0.048037 -0.004702 0.159197 0.016679 -0.046505 -0.365971 0.929314
1783948401.317147017 0.049874 -0.004641 0.159919 0.016618 -0.046617 -0.365135 0.929638
1783948401.317147017 0.049874 -0.004641 0.159919 0.016618 -0.046617 -0.365135 0.929638
1783948401.322134018 0.051717 -0.004536 0.160599 0.016609 -0.046793 -0.364269 0.929969
1783948401.334232330 0.056314 -0.004174 0.162237 0.016712 -0.047263 -0.363361 0.930299
1783948401.342084408 0.059319 -0.003927 0.163330 0.016672 -0.047509 -0.362202 0.930739
1783948401.352081060 0.063208 -0.003562 0.164729 0.016620 -0.047838 -0.360945 0.931211
1783948401.363444567 0.067713 -0.003083 0.166336 0.016543 -0.048122 -0.359642 0.931702
1783948401.372118473 0.071187 -0.002692 0.167589 0.016360 -0.048308 -0.358248 0.932232
1783948401.382112026 0.075253 -0.002194 0.169047 0.016143 -0.048439 -0.356769 0.932796
1783948401.392087936 0.079364 -0.001653 0.170520 0.015857 -0.048514 -0.355273 0.933368
1783948401.402424335 0.083681 -0.001049 0.172060 0.015507 -0.048542 -0.353753 0.933950
1783948401.412168264 0.087799 -0.000446 0.173527 0.015140 -0.048436 -0.352275 0.934520
1783948401.418012381 0.090278 -0.000077 0.174421 0.014811 -0.048308 -0.351095 0.934975
