id: 2
T_world_origin: 
  0.875078   0.483776  0.0141399 -0.0745163
 -0.480476   0.871877  -0.094727 -0.0324922
-0.0581549  0.0760995   0.995403   0.220072
         0          0          0          1
T_origin_endpoint_L: 
  0.989835  0.0332662   0.138277   0.181714
-0.0352551   0.999307  0.0119584   0.198464
 -0.137784 -0.0167118   0.990321 -0.0614235
         0          0          0          1
T_origin_endpoint_R: 
   0.995251   0.0816459  -0.0529975 -0.00456884
 -0.0775841    0.994188   0.0746393  -0.0213328
  0.0587835  -0.0701731    0.995801   -0.153949
          0           0           0           1
T_lidar_imu: 
-2.22045e-16            1            0            0
           1 -2.22045e-16            0            0
           0            0           -1         0.07
           0            0            0            1
imu_bias:   0.00125285    0.0011827   0.00726353 -0.000518647  0.000522053  -0.00122616
frame_id: 2
num_frames: 32
frame_0
id: 730
stamp: 1783948395.467019558
T_odom_lidar: 
  0.531349     0.8449 -0.0617443   0.227705
  0.842803  -0.519837   0.139477  0.0287146
 0.0857468  -0.126149  -0.988299   0.182842
         0          0          0          1
T_world_lidar: 
  0.531349     0.8449 -0.0617443   0.227705
  0.842803  -0.519837   0.139477  0.0287146
 0.0857468  -0.126149  -0.988299   0.182842
         0          0          0          1
v_world_imu:  -0.294961 -0.0748266 -0.0874156
frame_1
id: 731
stamp: 1783948395.567879438
T_odom_lidar: 
  0.534079   0.843408 -0.0585029   0.197386
  0.839366  -0.520699   0.156005  0.0208553
  0.101113  -0.132424  -0.986022    0.17866
         0          0          0          1
T_world_lidar: 
  0.534079   0.843408 -0.0585029   0.197386
  0.839366  -0.520699   0.156005  0.0208553
  0.101113  -0.132424  -0.986022    0.17866
         0          0          0          1
v_world_imu:  -0.311641  -0.114177 -0.0805006
frame_2
id: 732
stamp: 1783948395.668742657
T_odom_lidar: 
  0.530768   0.846159 -0.0479717   0.162148
  0.838951  -0.516533   0.171331 0.00630332
  0.120194  -0.131183  -0.984045   0.171682
         0          0          0          1
T_world_lidar: 
  0.530768   0.846159 -0.0479717   0.162148
  0.838951  -0.516533   0.171331 0.00630332
  0.120194  -0.131183  -0.984045   0.171682
         0          0          0          1
v_world_imu:  -0.383529  -0.146148 -0.0713492
frame_3
id: 733
stamp: 1783948395.769617081
T_odom_lidar: 
    0.52015    0.853927  -0.0159069     0.11909
   0.842151   -0.509697    0.176043 -0.00779764
    0.14222   -0.104965   -0.984254    0.165833
          0           0           0           1
T_world_lidar: 
    0.52015    0.853927  -0.0159069     0.11909
   0.842151   -0.509697    0.176043 -0.00779764
    0.14222   -0.104965   -0.984254    0.165833
          0           0           0           1
v_world_imu:  -0.405912  -0.138959 -0.0671208
frame_4
id: 734
stamp: 1783948395.870469570
T_odom_lidar: 
  0.504308   0.863223  0.0228086  0.0768707
    0.8493  -0.500602   0.167592 -0.0187617
  0.156088 -0.0651467  -0.985592     0.1614
         0          0          0          1
T_world_lidar: 
  0.504308   0.863223  0.0228086  0.0768707
    0.8493  -0.500602   0.167592 -0.0187617
  0.156088 -0.0651467  -0.985592     0.1614
         0          0          0          1
v_world_imu: -0.354716 -0.103909 -0.056456
frame_5
id: 735
stamp: 1783948395.971843004
T_odom_lidar: 
  0.490814   0.869965  0.0475664  0.0428412
   0.85728  -0.491958   0.151814  -0.026324
  0.155474 -0.0337347  -0.987264   0.156921
         0          0          0          1
T_world_lidar: 
  0.490814   0.869965  0.0475664  0.0428412
   0.85728  -0.491958   0.151814  -0.026324
  0.155474 -0.0337347  -0.987264   0.156921
         0          0          0          1
v_world_imu:  -0.285167 -0.0670597 -0.0283417
frame_6
id: 736
stamp: 1783948396.072196960
T_odom_lidar: 
  0.494246   0.867376  0.0581288  0.0152394
  0.856925   -0.49736   0.135325 -0.0299795
  0.146289  -0.017072  -0.989095   0.156802
         0          0          0          1
T_world_lidar: 
  0.494246   0.867376  0.0581288  0.0152394
  0.856925   -0.49736   0.135325 -0.0299795
  0.146289  -0.017072  -0.989095   0.156802
         0          0          0          1
v_world_imu: -0.257836 -0.033807 0.0215833
frame_7
id: 737
stamp: 1783948396.173064947
T_odom_lidar: 
   0.505454    0.860595   0.0623822 -0.00988115
   0.851903   -0.509215    0.122319  -0.0316487
   0.137033 -0.00868311   -0.990528    0.161606
          0           0           0           1
T_world_lidar: 
   0.505454    0.860595   0.0623822 -0.00988115
   0.851903   -0.509215    0.122319  -0.0316487
   0.137033 -0.00868311   -0.990528    0.161606
          0           0           0           1
v_world_imu:  -0.233037 -0.0227369  0.0655971
frame_8
id: 738
stamp: 1783948396.273928881
T_odom_lidar: 
   0.521419    0.851153   0.0604979  -0.0325754
   0.843871   -0.524871    0.111322  -0.0329846
   0.126506 -0.00699313   -0.991941    0.170433
          0           0           0           1
T_world_lidar: 
   0.521419    0.851153   0.0604979  -0.0325754
   0.843871   -0.524871    0.111322  -0.0329846
   0.126506 -0.00699313   -0.991941    0.170433
          0           0           0           1
v_world_imu:   -0.21659 -0.0229593  0.0929193
frame_9
id: 739
stamp: 1783948396.374867439
T_odom_lidar: 
     0.5262    0.848489   0.0563877  -0.0534205
    0.84282   -0.529198   0.0980005  -0.0321793
   0.112993 -0.00404324   -0.993588    0.182982
          0           0           0           1
T_world_lidar: 
     0.5262    0.848489   0.0563877  -0.0534205
    0.84282   -0.529198   0.0980005  -0.0321793
   0.112993 -0.00404324   -0.993588    0.182982
          0           0           0           1
v_world_imu:  -0.235441 -0.0111076   0.123296
frame_10
id: 740
stamp: 1783948396.475680351
T_odom_lidar: 
  0.540496    0.83963  0.0537206 -0.0810489
  0.835767  -0.543157  0.0804616 -0.0296284
 0.0967367 0.00140873  -0.995309   0.194824
         0          0          0          1
T_world_lidar: 
  0.540496    0.83963  0.0537206 -0.0810489
  0.835767  -0.543157  0.0804616 -0.0296284
 0.0967367 0.00140873  -0.995309   0.194824
         0          0          0          1
v_world_imu: -0.296425 0.0238949 0.0860868
frame_11
id: 741
stamp: 1783948396.576522589
T_odom_lidar: 
  0.565147   0.823356   0.051897  -0.113831
  0.820526  -0.567511  0.0683217 -0.0258659
 0.0857052 0.00397109  -0.996313   0.200111
         0          0          0          1
T_world_lidar: 
  0.565147   0.823356   0.051897  -0.113831
  0.820526  -0.567511  0.0683217 -0.0258659
 0.0857052 0.00397109  -0.996313   0.200111
         0          0          0          1
v_world_imu: -0.356856 0.0295049 0.0314311
frame_12
id: 742
stamp: 1783948396.677433968
T_odom_lidar: 
    0.60285      0.7963   0.0497827   -0.147998
   0.792841   -0.604878   0.0743382  -0.0254983
   0.089308 -0.00534498    -0.99599    0.201653
          0           0           0           1
T_world_lidar: 
    0.60285      0.7963   0.0497827   -0.147998
   0.792841   -0.604878   0.0743382  -0.0254983
   0.089308 -0.00534498    -0.99599    0.201653
          0           0           0           1
v_world_imu:  -0.325021 0.00838786 0.00549135
frame_13
id: 743
stamp: 1783948396.778246641
T_odom_lidar: 
  0.642758   0.764524  0.0486272  -0.172132
  0.759015   -0.64415  0.0946953 -0.0273922
   0.10372 -0.0239574  -0.994318    0.20257
         0          0          0          1
T_world_lidar: 
  0.642758   0.764524  0.0486272  -0.172132
  0.759015   -0.64415  0.0946953 -0.0273922
   0.10372 -0.0239574  -0.994318    0.20257
         0          0          0          1
v_world_imu:  -0.111509 -0.0252389  0.0317124
frame_14
id: 744
stamp: 1783948396.879111767
T_odom_lidar: 
  0.650717   0.757316  0.0551411  -0.161706
  0.750063  -0.652391   0.108584 -0.0352449
  0.118206 -0.0292979  -0.992557   0.211235
         0          0          0          1
T_world_lidar: 
  0.650717   0.757316  0.0551411  -0.161706
  0.750063  -0.652391   0.108584 -0.0352449
  0.118206 -0.0292979  -0.992557   0.211235
         0          0          0          1
v_world_imu:   0.267519 -0.0910506  0.0628506
frame_15
id: 745
stamp: 1783948396.979979515
T_odom_lidar: 
  0.598614   0.798852  0.0591266  -0.114538
  0.792823  -0.601403  0.0987176 -0.0469516
   0.11442 -0.0122168  -0.993357   0.216467
         0          0          0          1
T_world_lidar: 
  0.598614   0.798852  0.0591266  -0.114538
  0.792823  -0.601403  0.0987176 -0.0469516
   0.11442 -0.0122168  -0.993357   0.216467
         0          0          0          1
v_world_imu:    0.63618 -0.0766164  0.0656475
frame_16
id: 746
stamp: 1783948397.080853939
T_odom_lidar: 
  0.501932   0.862525  0.0641465 -0.0413951
  0.858877  -0.505802  0.0805863 -0.0506577
  0.101953  0.0146452  -0.994681    0.22149
         0          0          0          1
T_world_lidar: 
  0.501932   0.862525  0.0641465 -0.0413951
  0.858877  -0.505802  0.0805863 -0.0506577
  0.101953  0.0146452  -0.994681    0.22149
         0          0          0          1
v_world_imu:    0.726367  -0.0440444 -0.00368034
frame_17
id: 747
stamp: 1783948397.181709528
T_odom_lidar: 
  0.397464   0.914248  0.0785703  0.0196199
  0.912468  -0.402841  0.0715673 -0.0515938
 0.0970816  0.0432474  -0.994336   0.214083
         0          0          0          1
T_world_lidar: 
  0.397464   0.914248  0.0785703  0.0196199
  0.912468  -0.402841  0.0715673 -0.0515938
 0.0970816  0.0432474  -0.994336   0.214083
         0          0          0          1
v_world_imu:     0.40906 0.000720506   -0.128771
frame_18
id: 748
stamp: 1783948397.282572269
T_odom_lidar: 
  0.361358   0.927811  0.0926682  0.0350068
  0.926684  -0.368368  0.0745748 -0.0535262
  0.103327  0.0589259    -0.9929   0.197908
         0          0          0          1
T_world_lidar: 
  0.361358   0.927811  0.0926682  0.0350068
  0.926684  -0.368368  0.0745748 -0.0535262
  0.103327  0.0589259    -0.9929   0.197908
         0          0          0          1
v_world_imu: -0.0732557 -0.0605589  -0.177925
frame_19
id: 749
stamp: 1783948397.383501291
T_odom_lidar: 
  0.412665   0.906889  0.0852007  0.0103634
  0.902974  -0.419588   0.092651 -0.0630272
  0.119773  0.0387002  -0.992047   0.182149
         0          0          0          1
T_world_lidar: 
  0.412665   0.906889  0.0852007  0.0103634
  0.902974  -0.419588   0.092651 -0.0630272
  0.119773  0.0387002  -0.992047   0.182149
         0          0          0          1
v_world_imu:  -0.395237 -0.0925151  -0.127206
frame_20
id: 750
stamp: 1783948397.484301329
T_odom_lidar: 
  0.500181   0.863608    0.06324 -0.0351639
  0.856923  -0.504163   0.107248 -0.0721918
  0.124504 0.00054839  -0.992219   0.174673
         0          0          0          1
T_world_lidar: 
  0.500181   0.863608    0.06324 -0.0351639
  0.856923  -0.504163   0.107248 -0.0721918
  0.124504 0.00054839  -0.992219   0.174673
         0          0          0          1
v_world_imu:  -0.506161 -0.0609336 -0.0137206
frame_21
id: 751
stamp: 1783948397.585165024
T_odom_lidar: 
   0.557996    0.827488    0.062486  -0.0846732
   0.821814   -0.561477   0.0967687  -0.0728196
   0.115159 -0.00264464   -0.993344    0.179308
          0           0           0           1
T_world_lidar: 
   0.557996    0.827488    0.062486  -0.0846732
   0.821814   -0.561477   0.0967687  -0.0728196
   0.115159 -0.00264464   -0.993344    0.179308
          0           0           0           1
v_world_imu: -0.441525 0.0393219 0.0607058
frame_22
id: 752
stamp: 1783948397.686031103
T_odom_lidar: 
  0.599688   0.796532  0.0768843  -0.117876
  0.794883  -0.604015  0.0576868 -0.0619581
 0.0923887  0.0265199   -0.99537   0.179011
         0          0          0          1
T_world_lidar: 
  0.599688   0.796532  0.0768843  -0.117876
  0.794883  -0.604015  0.0576868 -0.0619581
 0.0923887  0.0265199   -0.99537   0.179011
         0          0          0          1
v_world_imu: -0.136955   0.10321  -0.12991
frame_23
id: 753
stamp: 1783948397.786896229
T_odom_lidar: 
 0.580509  0.809887 0.0842143  -0.11263
 0.810977 -0.584342 0.0293357 -0.056131
0.0729685 0.0512662 -0.996016  0.147631
        0         0         0         1
T_world_lidar: 
 0.580509  0.809887 0.0842143  -0.11263
 0.810977 -0.584342 0.0293357 -0.056131
0.0729685 0.0512662 -0.996016  0.147631
        0         0         0         1
v_world_imu:   0.191153 -0.0304475  -0.463904
frame_24
id: 754
stamp: 1783948397.887787104
T_odom_lidar: 
 0.537412  0.839709 0.0779546 -0.090235
 0.837524 -0.542252 0.0672041 -0.068571
 0.098703 0.0291726 -0.994689 0.0950459
        0         0         0         1
T_world_lidar: 
 0.537412  0.839709 0.0779546 -0.090235
 0.837524 -0.542252 0.0672041 -0.068571
 0.098703 0.0291726 -0.994689 0.0950459
        0         0         0         1
v_world_imu:  0.191118 -0.167749 -0.484395
frame_25
id: 755
stamp: 1783948397.988622665
T_odom_lidar: 
  0.529617   0.842502  0.0984672 -0.0799072
  0.833576  -0.538434   0.123452 -0.0932794
  0.157027  0.0166974  -0.987453  0.0658861
         0          0          0          1
T_world_lidar: 
  0.529617   0.842502  0.0984672 -0.0799072
  0.833576  -0.538434   0.123452 -0.0932794
  0.157027  0.0166974  -0.987453  0.0658861
         0          0          0          1
v_world_imu:  0.0500197  -0.228516 -0.0159824
frame_26
id: 756
stamp: 1783948398.089486361
T_odom_lidar: 
  0.516048   0.846974   0.127788 -0.0772194
  0.837869  -0.530134   0.130127  -0.107766
  0.177959  0.0399174  -0.983228  0.0915963
         0          0          0          1
T_world_lidar: 
  0.516048   0.846974   0.127788 -0.0772194
  0.837869  -0.530134   0.130127  -0.107766
  0.177959  0.0399174  -0.983228  0.0915963
         0          0          0          1
v_world_imu: 0.0775796 0.0225097  0.449841
frame_27
id: 757
stamp: 1783948398.190352917
T_odom_lidar: 
  0.552865   0.826747   0.104066  -0.061244
  0.828155  -0.558986  0.0411521 -0.0824525
 0.0921939  0.0634313  -0.993719   0.141865
         0          0          0          1
T_world_lidar: 
  0.552865   0.826747   0.104066  -0.061244
  0.828155  -0.558986  0.0411521 -0.0824525
 0.0921939  0.0634313  -0.993719   0.141865
         0          0          0          1
v_world_imu: 0.203252 0.314214 0.452702
frame_28
id: 758
stamp: 1783948398.291213274
T_odom_lidar: 
  0.554049   0.831229  0.0456969 -0.0354511
  0.831846  -0.550641 -0.0694765 -0.0407094
-0.0325883  0.0765062  -0.996536   0.172812
         0          0          0          1
T_world_lidar: 
  0.554049   0.831229  0.0456969 -0.0354511
  0.831846  -0.550641 -0.0694765 -0.0407094
-0.0325883  0.0765062  -0.996536   0.172812
         0          0          0          1
v_world_imu: 0.201337 0.302486 0.139659
frame_29
id: 759
stamp: 1783948398.392181873
T_odom_lidar: 
  0.556404   0.830803  0.0134359 -0.0188613
  0.826065  -0.551343  -0.116779 -0.0200486
-0.0896129  0.0760755  -0.993067   0.169998
         0          0          0          1
T_world_lidar: 
  0.556404   0.830803  0.0134359 -0.0188613
  0.826065  -0.551343  -0.116779 -0.0200486
-0.0896129  0.0760755  -0.993067   0.169998
         0          0          0          1
v_world_imu: 0.0534196 0.0353959 -0.222705
frame_30
id: 760
stamp: 1783948398.493098497
T_odom_lidar: 
  0.566581   0.823546  0.0275153 -0.0247933
  0.822524  -0.563244 -0.0788066 -0.0284757
 -0.049403  0.0672823   -0.99651   0.129196
         0          0          0          1
T_world_lidar: 
  0.566581   0.823546  0.0275153 -0.0247933
  0.822524  -0.563244 -0.0788066 -0.0284757
 -0.049403  0.0672823   -0.99651   0.129196
         0          0          0          1
v_world_imu: -0.133735 -0.151654 -0.568237
frame_31
id: 761
stamp: 1783948398.593809366
T_odom_lidar: 
  0.573937   0.815717  0.0721251 -0.0467267
  0.818244  -0.574772 -0.0106643 -0.0478753
 0.0327565  0.0651365  -0.997339  0.0663043
         0          0          0          1
T_world_lidar: 
  0.573937   0.815717  0.0721251 -0.0467267
  0.818244  -0.574772 -0.0106643 -0.0478753
 0.0327565  0.0651365  -0.997339  0.0663043
         0          0          0          1
v_world_imu:  -0.21006 -0.115057 -0.606995
