1783948395.467019558 0.223383 0.038478 0.113661 0.058735 0.049000 -0.274133 0.958645
1783948395.471886158 0.222012 0.038188 0.113361 0.059261 0.048657 -0.274024 0.958661
1783948395.481824160 0.219286 0.037680 0.112934 0.060083 0.048482 -0.274102 0.958597
1783948395.491894722 0.216487 0.037129 0.112519 0.060896 0.048458 -0.274219 0.958513
1783948395.501894236 0.213664 0.036551 0.112111 0.061674 0.048527 -0.274374 0.958416
1783948395.511846542 0.210811 0.035944 0.111707 0.062429 0.048694 -0.274584 0.958298
1783948395.521853924 0.207887 0.035295 0.111310 0.063212 0.048944 -0.274859 0.958155
1783948395.531823158 0.204909 0.034616 0.110929 0.064017 0.049174 -0.275129 0.958012
1783948395.541856766 0.201833 0.033903 0.110562 0.064771 0.049474 -0.275358 0.957880
1783948395.551923275 0.198644 0.033143 0.110217 0.065606 0.049732 -0.275472 0.957777
1783948395.561896801 0.195365 0.032337 0.109899 0.066456 0.049950 -0.275502 0.957699
1783948395.567879438 0.193290 0.031776 0.109639 0.067118 0.049840 -0.275340 0.957705
1783948395.567879438 0.193290 0.031776 0.109639 0.067118 0.049840 -0.275340 0.957705
1783948395.574396133 0.191364 0.030992 0.109124 0.067791 0.049794 -0.275189 0.957703
1783948395.581889629 0.189111 0.030071 0.108546 0.068530 0.049710 -0.275034 0.957700
1783948395.591940165 0.186057 0.028802 0.107792 0.069352 0.049825 -0.274931 0.957664
1783948395.604994535 0.182010 0.027103 0.106851 0.070259 0.050164 -0.274973 0.957568
1783948395.611896038 0.179697 0.026214 0.106371 0.070951 0.049908 -0.274752 0.957594
1783948395.621901512 0.176310 0.024883 0.105696 0.071829 0.049719 -0.274560 0.957594
1783948395.631877661 0.172807 0.023525 0.105047 0.072717 0.049322 -0.274371 0.957601
1783948395.641905785 0.169169 0.022128 0.104415 0.073611 0.048837 -0.274159 0.957619
1783948395.651908398 0.165424 0.020712 0.103802 0.074489 0.048283 -0.273903 0.957652
1783948395.661903858 0.161557 0.019278 0.103203 0.075363 0.047565 -0.273655 0.957690
1783948395.668742657 0.158790 0.018296 0.102799 0.076096 0.046764 -0.273375 0.957752
1783948395.668742657 0.158790 0.018296 0.102799 0.076096 0.046764 -0.273375 0.957752
1783948395.671847582 0.157614 0.017851 0.102588 0.076479 0.046287 -0.273159 0.957806
1783948395.681856394 0.153837 0.016441 0.101950 0.077249 0.045194 -0.272746 0.957914
1783948395.691902876 0.149962 0.015022 0.101321 0.078005 0.043944 -0.272358 0.958022
1783948395.701864719 0.146048 0.013619 0.100708 0.078722 0.042641 -0.271947 0.958139
1783948395.711937189 0.142025 0.012206 0.100103 0.079452 0.041241 -0.271522 0.958260
1783948395.721879959 0.137990 0.010825 0.099519 0.080196 0.039691 -0.271062 0.958394
1783948395.732424736 0.133664 0.009390 0.098915 0.080885 0.038034 -0.270580 0.958539
1783948395.741907597 0.129714 0.008119 0.098380 0.081495 0.036373 -0.270055 0.958700
1783948395.751942396 0.125496 0.006797 0.097834 0.082072 0.034602 -0.269478 0.958879
1783948395.764571905 0.120166 0.005177 0.097198 0.082553 0.032643 -0.268820 0.959091
1783948395.769617081 0.117977 0.004525 0.096935 0.082949 0.031503 -0.268410 0.959210
1783948395.769617081 0.117977 0.004525 0.096935 0.082949 0.031503 -0.268410 0.959210
1783948395.771837473 0.117077 0.004220 0.096799 0.083161 0.030936 -0.268190 0.959271
1783948395.781916857 0.113014 0.002876 0.096278 0.083610 0.028797 -0.267402 0.959519
1783948395.791870594 0.109011 0.001598 0.095786 0.083955 0.026694 -0.266617 0.959768
1783948395.802222252 0.104867 0.000319 0.095302 0.084198 0.024490 -0.265842 0.960020
1783948395.811931133 0.101002 -0.000843 0.094859 0.084430 0.022442 -0.265109 0.960253
1783948395.821876287 0.097075 -0.001992 0.094425 0.084625 0.020366 -0.264410 0.960474
1783948395.831861734 0.093172 -0.003098 0.094003 0.084705 0.018280 -0.263740 0.960694
1783948395.841906786 0.089289 -0.004172 0.093588 0.084651 0.016306 -0.263092 0.960912
1783948395.851878643 0.085471 -0.005205 0.093180 0.084563 0.014367 -0.262452 0.961125
1783948395.861950159 0.081658 -0.006212 0.092771 0.084333 0.012543 -0.261817 0.961344
1783948395.870469570 0.078467 -0.007030 0.092408 0.084158 0.011008 -0.261280 0.961524
1783948395.870469570 0.078467 -0.007030 0.092408 0.084158 0.011008 -0.261280 0.961524
1783948395.871846676 0.077980 -0.007176 0.092332 0.084194 0.010685 -0.261156 0.961558
1783948395.881914377 0.074464 -0.008258 0.091796 0.084028 0.008660 -0.260280 0.961831
1783948395.891932964 0.071032 -0.009281 0.091260 0.083774 0.006762 -0.259464 0.962089
1783948395.901922703 0.067685 -0.010244 0.090732 0.083469 0.005008 -0.258711 0.962329
1783948395.911910534 0.064417 -0.011145 0.090216 0.083066 0.003399 -0.257974 0.962568
1783948395.924431801 0.060427 -0.012221 0.089610 0.082390 0.001646 -0.257140 0.962854
1783948395.931892395 0.058096 -0.012816 0.089260 0.082124 0.000573 -0.256672 0.963003
1783948395.941840410 0.055044 -0.013589 0.088837 0.081639 -0.000649 -0.256119 0.963191
1783948395.951903820 0.052016 -0.014328 0.088449 0.081043 -0.001780 -0.255611 0.963375
1783948395.965019703 0.048155 -0.015262 0.088019 0.080084 -0.002925 -0.255105 0.963587
1783948395.971843004 0.046171 -0.015697 0.087813 0.079719 -0.003588 -0.254960 0.963653
1783948395.971843004 0.046171 -0.015697 0.087813 0.079719 -0.003588 -0.254960 0.963653
1783948395.971896648 0.046155 -0.015701 0.087811 0.079716 -0.003594 -0.254955 0.963655
1783948395.981862307 0.043306 -0.016405 0.087558 0.079190 -0.004657 -0.254553 0.963800
1783948395.991861582 0.040501 -0.017048 0.087348 0.078594 -0.005605 -0.254332 0.963902
1783948396.001862288 0.037742 -0.017629 0.087186 0.077958 -0.006460 -0.254271 0.963964
1783948396.011889219 0.035018 -0.018155 0.087079 0.077275 -0.007239 -0.254372 0.963987
1783948396.021897316 0.032333 -0.018637 0.087032 0.076605 -0.007956 -0.254618 0.963970
1783948396.031882524 0.029684 -0.019080 0.087042 0.075984 -0.008619 -0.254964 0.963922
1783948396.041859865 0.027072 -0.019479 0.087102 0.075260 -0.009214 -0.255432 0.963849
1783948396.053419590 0.024084 -0.019909 0.087228 0.074385 -0.009806 -0.255992 0.963763
1783948396.061899662 0.021921 -0.020189 0.087359 0.073793 -0.010200 -0.256572 0.963650
1783948396.071837664 0.019399 -0.020498 0.087557 0.073091 -0.010636 -0.257255 0.963517
1783948396.072196960 0.019308 -0.020507 0.087565 0.073070 -0.010653 -0.257290 0.963509
1783948396.072196960 0.019308 -0.020507 0.087565 0.073070 -0.010653 -0.257290 0.963509
1783948396.085285425 0.015827 -0.020995 0.087921 0.072183 -0.011372 -0.257759 0.963442
1783948396.091831684 0.014140 -0.021195 0.088122 0.071809 -0.011706 -0.258234 0.963339
1783948396.101929426 0.011542 -0.021495 0.088479 0.071188 -0.012158 -0.258821 0.963222
1783948396.111858368 0.009026 -0.021764 0.088881 0.070637 -0.012565 -0.259421 0.963096
1783948396.121932268 0.006513 -0.022016 0.089339 0.070055 -0.012924 -0.260040 0.962967
1783948396.131901503 0.004070 -0.022253 0.089839 0.069535 -0.013222 -0.260636 0.962839
1783948396.141864300 0.001673 -0.022476 0.090377 0.069018 -0.013491 -0.261279 0.962698
1783948396.152466536 -0.000828 -0.022700 0.090986 0.068451 -0.013723 -0.261963 0.962549
1783948396.161901712 -0.002996 -0.022881 0.091555 0.067962 -0.013847 -0.262689 0.962384
1783948396.171900034 -0.005259 -0.023069 0.092194 0.067435 -0.013945 -0.263494 0.962200
1783948396.173064947 -0.005514 -0.023086 0.092269 0.067388 -0.013953 -0.263643 0.962162
1783948396.173064947 -0.005514 -0.023086 0.092269 0.067388 -0.013953 -0.263643 0.962162
1783948396.181879044 -0.007676 -0.023306 0.092899 0.066987 -0.014083 -0.264309 0.962006
1783948396.191864252 -0.010100 -0.023548 0.093650 0.066487 -0.014173 -0.265083 0.961826
1783948396.201874018 -0.012487 -0.023778 0.094437 0.065957 -0.014238 -0.265923 0.961630
1783948396.211891174 -0.014830 -0.024000 0.095264 0.065434 -0.014265 -0.266864 0.961404
1783948396.221931458 -0.017130 -0.024213 0.096129 0.064909 -0.014278 -0.267835 0.961170
1783948396.231861353 -0.019354 -0.024416 0.097013 0.064369 -0.014251 -0.268814 0.960933
1783948396.243412256 -0.021908 -0.024651 0.098076 0.063717 -0.014198 -0.269829 0.960693
1783948396.251881123 -0.023711 -0.024808 0.098863 0.063237 -0.014130 -0.270698 0.960481
1783948396.261963129 -0.025850 -0.024989 0.099826 0.062627 -0.014033 -0.271536 0.960286
1783948396.271946907 -0.027946 -0.025163 0.100805 0.062037 -0.013954 -0.272237 0.960127
1783948396.273928881 -0.028341 -0.025192 0.100998 0.061930 -0.013932 -0.272451 0.960074
1783948396.273928881 -0.028341 -0.025192 0.100998 0.061930 -0.013932 -0.272451 0.960074
1783948396.281872511 -0.030063 -0.025288 0.101820 0.061480 -0.013870 -0.272995 0.959949
1783948396.291932821 -0.032226 -0.025373 0.102913 0.060873 -0.013774 -0.273438 0.959863
1783948396.301863432 -0.034340 -0.025436 0.104030 0.060285 -0.013728 -0.273779 0.959803
1783948396.311882734 -0.036451 -0.025476 0.105202 0.059626 -0.013674 -0.274026 0.959775
1783948396.321879387 -0.038539 -0.025492 0.106414 0.058961 -0.013657 -0.274168 0.959775
1783948396.331877947 -0.040608 -0.025490 0.107669 0.058254 -0.013618 -0.274256 0.959794
1783948396.343034029 -0.042905 -0.025460 0.109126 0.057440 -0.013586 -0.274233 0.959850
1783948396.351900578 -0.044727 -0.025441 0.110296 0.056782 -0.013599 -0.274369 0.959850
1783948396.361886501 -0.046781 -0.025391 0.111650 0.055982 -0.013600 -0.274495 0.959861
1783948396.371933460 -0.048864 -0.025323 0.113039 0.055183 -0.013633 -0.274683 0.959853
1783948396.374867439 -0.049473 -0.025319 0.113431 0.054957 -0.013634 -0.274899 0.959804
1783948396.374867439 -0.049473 -0.025319 0.113431 0.054957 -0.013634 -0.274899 0.959804
1783948396.381929874 -0.051299 -0.025371 0.114309 0.054398 -0.013637 -0.275215 0.959746
1783948396.391958714 -0.053981 -0.025402 0.115565 0.053584 -0.013688 -0.275572 0.959688
1783948396.402396917 -0.056800 -0.025383 0.116871 0.052692 -0.013747 -0.276032 0.959604
1783948396.411886215 -0.059357 -0.025317 0.118049 0.051880 -0.013807 -0.276655 0.959468
1783948396.421883821 -0.062083 -0.025201 0.119271 0.051002 -0.013872 -0.277369 0.959309
1783948396.431924343 -0.064848 -0.025044 0.120467 0.050094 -0.013920 -0.278174 0.959123
1783948396.441934109 -0.067640 -0.024855 0.121620 0.049207 -0.014007 -0.279077 0.958905
1783948396.451894522 -0.070458 -0.024640 0.122723 0.048313 -0.014122 -0.280052 0.958664
1783948396.461882114 -0.073318 -0.024388 0.123780 0.047429 -0.014228 -0.281116 0.958395
1783948396.471913099 -0.076235 -0.024103 0.124789 0.046545 -0.014340 -0.282207 0.958117
1783948396.475680351 -0.077288 -0.023996 0.125152 0.046244 -0.014387 -0.282804 0.957954
1783948396.475680351 -0.077288 -0.023996 0.125152 0.046244 -0.014387 -0.282804 0.957954
1783948396.481876135 -0.079188 -0.023854 0.125633 0.045756 -0.014433 -0.283743 0.957699
1783948396.491894722 -0.082326 -0.023605 0.126330 0.044993 -0.014491 -0.285052 0.957346
1783948396.501906872 -0.085496 -0.023325 0.126970 0.044214 -0.014502 -0.286372 0.956988
1783948396.511888981 -0.088693 -0.023024 0.127557 0.043496 -0.014558 -0.287719 0.956616
1783948396.522008419 -0.091974 -0.022707 0.128103 0.042823 -0.014556 -0.289074 0.956238
1783948396.531875849 -0.095210 -0.022397 0.128597 0.042218 -0.014584 -0.290430 0.955853
1783948396.541851997 -0.098514 -0.022091 0.129060 0.041675 -0.014613 -0.291820 0.955453
1783948396.551944017 -0.101885 -0.021789 0.129492 0.041211 -0.014622 -0.293257 0.955033
1783948396.567116261 -0.107068 -0.021361 0.130012 0.040587 -0.014637 -0.295046 0.954509
1783948396.571887493 -0.108656 -0.021220 0.130197 0.040457 -0.014635 -0.295928 0.954241
1783948396.576522589 -0.110199 -0.021083 0.130369 0.040365 -0.014641 -0.296829 0.953965
1783948396.576522589 -0.110199 -0.021083 0.130369 0.040365 -0.014641 -0.296829 0.953965
1783948396.581935883 -0.112147 -0.020974 0.130517 0.040268 -0.014633 -0.297920 0.953629
1783948396.591922045 -0.115747 -0.020828 0.130742 0.040162 -0.014512 -0.299842 0.953033
1783948396.601875544 -0.119313 -0.020693 0.130934 0.040157 -0.014337 -0.301811 0.952414
1783948396.611865997 -0.122859 -0.020571 0.131104 0.040277 -0.014149 -0.303886 0.951751
1783948396.621902227 -0.126374 -0.020463 0.131257 0.040477 -0.013831 -0.306019 0.951064
1783948396.631874084 -0.129812 -0.020374 0.131392 0.040786 -0.013545 -0.308209 0.950347
1783948396.641926765 -0.133206 -0.020307 0.131514 0.041182 -0.013190 -0.310469 0.949600
1783948396.651886702 -0.136489 -0.020269 0.131625 0.041633 -0.012766 -0.312756 0.948835
1783948396.662979603 -0.140061 -0.020281 0.131742 0.042249 -0.012330 -0.315314 0.947966
1783948396.671897888 -0.142840 -0.020296 0.131851 0.042821 -0.011954 -0.317487 0.947220
1783948396.677433968 -0.144513 -0.020295 0.131933 0.043214 -0.011735 -0.318924 0.946722
1783948396.677433968 -0.144513 -0.020295 0.131933 0.043214 -0.011735 -0.318924 0.946722
1783948396.681919575 -0.145991 -0.020264 0.131924 0.043543 -0.011489 -0.320243 0.946264
1783948396.691869020 -0.149226 -0.020223 0.131861 0.044303 -0.010784 -0.323161 0.945245
1783948396.701918364 -0.152342 -0.020207 0.131827 0.045177 -0.010063 -0.326057 0.944216
1783948396.711942673 -0.155281 -0.020214 0.131829 0.046084 -0.009346 -0.328833 0.943217
1783948396.723988056 -0.158587 -0.020248 0.131848 0.047258 -0.008598 -0.332086 0.942025
1783948396.731933832 -0.160556 -0.020277 0.131927 0.048021 -0.008205 -0.334081 0.941285
1783948396.741901159 -0.162824 -0.020335 0.132040 0.048998 -0.007635 -0.336445 0.940397
1783948396.751911402 -0.164848 -0.020418 0.132203 0.050069 -0.007232 -0.338579 0.939577
1783948396.761942625 -0.166591 -0.020524 0.132427 0.051095 -0.006916 -0.340510 0.938826
1783948396.771935701 -0.168017 -0.020661 0.132719 0.052193 -0.006634 -0.342174 0.938163
1783948396.778246641 -0.168728 -0.020764 0.132968 0.052894 -0.006577 -0.343066 0.937798
1783948396.778246641 -0.168728 -0.020764 0.132968 0.052894 -0.006577 -0.343066 0.937798
1783948396.781892061 -0.169064 -0.020890 0.133140 0.053288 -0.006591 -0.343709 0.937540
1783948396.791927338 -0.169605 -0.021358 0.133809 0.054342 -0.006551 -0.345567 0.936797
1783948396.802333832 -0.169761 -0.021896 0.134575 0.055437 -0.006450 -0.347213 0.936124
1783948396.811902285 -0.169559 -0.022425 0.135312 0.056429 -0.006404 -0.348385 0.935630
1783948396.821900845 -0.168961 -0.023032 0.136149 0.057394 -0.006453 -0.349332 0.935217
1783948396.831978798 -0.167947 -0.023701 0.137053 0.058288 -0.006472 -0.349985 0.934918
1783948396.841899633 -0.166549 -0.024417 0.137990 0.059035 -0.006502 -0.350313 0.934748
1783948396.851979494 -0.164722 -0.025213 0.138989 0.059653 -0.006555 -0.350318 0.934706
1783948396.861909866 -0.162537 -0.026068 0.140002 0.060132 -0.006656 -0.349958 0.934810
1783948396.871985435 -0.159912 -0.026996 0.141055 0.060509 -0.006790 -0.349251 0.935049
1783948396.879111767 -0.157846 -0.027644 0.141756 0.060613 -0.006907 -0.348273 0.935406
1783948396.879111767 -0.157846 -0.027644 0.141756 0.060613 -0.006907 -0.348273 0.935406
1783948396.881907225 -0.157078 -0.027942 0.141905 0.060672 -0.007024 -0.347936 0.935527
1783948396.891880035 -0.154055 -0.029226 0.142313 0.060734 -0.007468 -0.347212 0.935788
1783948396.901930809 -0.150603 -0.030547 0.142736 0.060730 -0.007965 -0.345870 0.936281
1783948396.912274361 -0.146622 -0.031915 0.143190 0.060556 -0.008516 -0.343895 0.937015
1783948396.921971560 -0.142495 -0.033169 0.143650 0.060244 -0.009026 -0.341340 0.937964
1783948396.931953669 -0.137851 -0.034445 0.144137 0.059817 -0.009517 -0.338154 0.939140
1783948396.941869974 -0.132856 -0.035677 0.144641 0.059276 -0.010053 -0.334467 0.940488
1783948396.951945543 -0.127405 -0.036894 0.145179 0.058615 -0.010653 -0.330300 0.941994
1783948396.961985826 -0.121608 -0.038068 0.145755 0.057866 -0.011261 -0.325801 0.943599
1783948396.971958160 -0.115513 -0.039197 0.146374 0.056997 -0.011855 -0.321061 0.945267
1783948396.979979515 -0.110399 -0.040041 0.146932 0.056284 -0.012388 -0.316892 0.946709
1783948396.979979515 -0.110399 -0.040041 0.146932 0.056284 -0.012388 -0.316892 0.946709
1783948396.981889725 -0.109174 -0.040182 0.147054 0.056108 -0.012497 -0.315739 0.947103
1783948396.991945744 -0.102519 -0.040844 0.147684 0.055265 -0.013262 -0.310678 0.948815
1783948397.001939535 -0.095636 -0.041470 0.148315 0.054400 -0.013974 -0.305594 0.950504
1783948397.012034893 -0.088443 -0.042054 0.148935 0.053414 -0.014687 -0.300340 0.952222
1783948397.021942854 -0.081203 -0.042584 0.149507 0.052466 -0.015434 -0.295086 0.953904
1783948397.031946898 -0.073760 -0.043077 0.150037 0.051537 -0.016259 -0.289553 0.955635
1783948397.044418812 -0.064348 -0.043616 0.150627 0.050350 -0.017347 -0.283001 0.957640
1783948397.051921606 -0.058674 -0.043956 0.150964 0.049682 -0.017996 -0.278419 0.959005
1783948397.061956406 -0.051070 -0.044355 0.151352 0.048824 -0.018869 -0.272619 0.960697
1783948397.071928024 -0.043551 -0.044715 0.151660 0.047969 -0.019707 -0.266759 0.962367
1783948397.080853939 -0.036905 -0.045017 0.151862 0.047346 -0.020437 -0.261380 0.963857
1783948397.080853939 -0.036905 -0.045017 0.151862 0.047346 -0.020437 -0.261380 0.963857
1783948397.081889391 -0.036150 -0.045063 0.151851 0.047266 -0.020521 -0.260637 0.964061
1783948397.091981888 -0.028809 -0.045504 0.151553 0.046552 -0.021606 -0.254174 0.965796
1783948397.101944923 -0.021743 -0.045888 0.151178 0.045927 -0.022778 -0.247838 0.967444
1783948397.111897230 -0.014881 -0.046220 0.150714 0.045442 -0.023857 -0.241522 0.969037
1783948397.121918678 -0.008189 -0.046473 0.150138 0.045049 -0.024871 -0.235402 0.970535
1783948397.131915569 -0.001765 -0.046627 0.149447 0.044591 -0.025935 -0.229461 0.971950
1783948397.142562628 0.004763 -0.046708 0.148581 0.044059 -0.027038 -0.223533 0.973325
1783948397.151992321 0.010215 -0.046736 0.147739 0.043771 -0.028017 -0.218429 0.974468
1783948397.161962748 0.015628 -0.046727 0.146746 0.043533 -0.029037 -0.213444 0.975553
1783948397.171920538 0.020634 -0.046672 0.145653 0.043228 -0.030007 -0.208830 0.976535
1783948397.181709528 0.025120 -0.046584 0.144480 0.043138 -0.031159 -0.204707 0.977376
1783948397.181709528 0.025120 -0.046584 0.144480 0.043138 -0.031159 -0.204707 0.977376
1783948397.181895971 0.025195 -0.046585 0.144455 0.043135 -0.031176 -0.204609 0.977396
1783948397.191924095 0.028961 -0.046683 0.143026 0.042908 -0.032054 -0.199954 0.978340
1783948397.201935530 0.032258 -0.046758 0.141519 0.042696 -0.032838 -0.195902 0.979143
1783948397.211897135 0.035051 -0.046844 0.139958 0.042694 -0.033706 -0.192491 0.979790
1783948397.221894026 0.037372 -0.046945 0.138345 0.042739 -0.034558 -0.189807 0.980282
1783948397.231952429 0.039230 -0.047062 0.136689 0.042848 -0.035391 -0.187755 0.980642
1783948397.242398739 0.040651 -0.047215 0.134949 0.043064 -0.036229 -0.186290 0.980882
1783948397.251932621 0.041508 -0.047386 0.133367 0.043397 -0.036949 -0.185448 0.981000
1783948397.261945248 0.041957 -0.047627 0.131716 0.043953 -0.037619 -0.185105 0.981014
1783948397.274159908 0.041882 -0.048027 0.129720 0.044748 -0.038302 -0.185435 0.980890
1783948397.281899214 0.041532 -0.048286 0.128506 0.045296 -0.038631 -0.185945 0.980755
1783948397.282572269 0.041494 -0.048306 0.128404 0.045349 -0.038643 -0.186014 0.980739
1783948397.282572269 0.041494 -0.048306 0.128404 0.045349 -0.038643 -0.186014 0.980739
1783948397.291972399 0.040537 -0.048988 0.126663 0.046052 -0.038741 -0.186153 0.980676
1783948397.301904917 0.039160 -0.049752 0.124859 0.046809 -0.038689 -0.186908 0.980499
1783948397.311963320 0.037407 -0.050562 0.123085 0.047634 -0.038468 -0.188319 0.980197
1783948397.321971655 0.035322 -0.051395 0.121390 0.048549 -0.038051 -0.190388 0.979769
1783948397.331954718 0.032922 -0.052235 0.119771 0.049490 -0.037513 -0.193049 0.979222
1783948397.341991425 0.030213 -0.053079 0.118220 0.050449 -0.036786 -0.196276 0.978559
1783948397.351962566 0.027250 -0.053923 0.116762 0.051441 -0.035846 -0.199875 0.977813
1783948397.364396572 0.023179 -0.055002 0.115036 0.052707 -0.034471 -0.204670 0.976803
1783948397.371958733 0.020564 -0.055618 0.114079 0.053448 -0.033487 -0.208011 0.976091
1783948397.381960392 0.016899 -0.056429 0.112873 0.054333 -0.032015 -0.212589 0.975105
1783948397.383501291 0.016327 -0.056542 0.112705 0.054472 -0.031772 -0.213415 0.974924
1783948397.383501291 0.016327 -0.056542 0.112705 0.054472 -0.031772 -0.213415 0.974924
1783948397.391976118 0.012793 -0.057349 0.111588 0.055197 -0.030523 -0.217125 0.974104
1783948397.401958227 0.008463 -0.058273 0.110351 0.055974 -0.028909 -0.221662 0.973086
1783948397.411987305 0.003973 -0.059162 0.109222 0.056714 -0.027251 -0.226504 0.971976
1783948397.421959639 -0.000611 -0.060021 0.108226 0.057324 -0.025551 -0.231562 0.970794
1783948397.431927204 -0.005292 -0.060856 0.107365 0.057930 -0.023924 -0.236675 0.969565
1783948397.441960573 -0.010077 -0.061670 0.106639 0.058397 -0.022264 -0.241844 0.968300
1783948397.451940298 -0.014899 -0.062469 0.106064 0.058905 -0.020703 -0.246724 0.967072
1783948397.462388754 -0.020002 -0.063265 0.105616 0.059390 -0.019209 -0.251552 0.965829
1783948397.471960068 -0.024689 -0.063925 0.105351 0.059757 -0.017920 -0.255673 0.964748
1783948397.481965065 -0.029611 -0.064553 0.105214 0.060070 -0.016804 -0.259582 0.963705
1783948397.484301329 -0.030737 -0.064684 0.105218 0.060137 -0.016553 -0.260618 0.963425
1783948397.484301329 -0.030737 -0.064684 0.105218 0.060137 -0.016553 -0.260618 0.963425
1783948397.493462086 -0.035541 -0.065227 0.105119 0.060297 -0.015500 -0.264028 0.962504
1783948397.501991034 -0.039992 -0.065662 0.105139 0.060356 -0.014766 -0.267067 0.961673
1783948397.511908054 -0.045146 -0.066072 0.105286 0.060280 -0.014136 -0.270327 0.960776
1783948397.524392366 -0.051590 -0.066450 0.105651 0.059896 -0.013517 -0.273923 0.959789
1783948397.531938076 -0.055370 -0.066606 0.105986 0.059625 -0.013371 -0.276486 0.959073
1783948397.542010546 -0.060383 -0.066746 0.106537 0.059172 -0.013360 -0.279618 0.958193
1783948397.551944494 -0.065218 -0.066786 0.107183 0.058565 -0.013608 -0.282682 0.957327
1783948397.562762976 -0.070347 -0.066699 0.107969 0.057674 -0.014066 -0.285985 0.956394
1783948397.571944714 -0.074536 -0.066513 0.108692 0.056855 -0.014618 -0.288939 0.955546
1783948397.581980228 -0.078967 -0.066185 0.109506 0.055860 -0.015390 -0.292087 0.954635
1783948397.585165024 -0.080299 -0.066046 0.109774 0.055520 -0.015677 -0.293275 0.954286
1783948397.585165024 -0.080299 -0.066046 0.109774 0.055520 -0.015677 -0.293275 0.954286
1783948397.591940403 -0.083359 -0.065785 0.110095 0.054746 -0.016252 -0.295705 0.953571
1783948397.602009058 -0.087784 -0.065290 0.110506 0.053397 -0.017247 -0.298914 0.952629
1783948397.611982346 -0.091913 -0.064687 0.110871 0.051973 -0.018330 -0.301875 0.951753
1783948397.622217178 -0.095862 -0.063993 0.111173 0.050615 -0.019349 -0.304705 0.950904
1783948397.631946564 -0.099325 -0.063236 0.111381 0.049089 -0.020535 -0.307240 0.950143
1783948397.641976118 -0.102593 -0.062369 0.111473 0.047435 -0.021841 -0.309683 0.949405
1783948397.652710676 -0.105724 -0.061391 0.111380 0.045781 -0.023232 -0.311956 0.948709
1783948397.661984921 -0.108061 -0.060474 0.111123 0.044237 -0.024409 -0.313930 0.948101
1783948397.671984434 -0.110210 -0.059427 0.110579 0.042351 -0.025677 -0.315655 0.947581
1783948397.681951046 -0.111944 -0.058364 0.109737 0.040375 -0.026788 -0.317129 0.947144
1783948397.686031103 -0.112494 -0.057920 0.109335 0.039621 -0.027300 -0.317788 0.946940
1783948397.686031103 -0.112494 -0.057920 0.109335 0.039621 -0.027300 -0.317788 0.946940
1783948397.691980600 -0.113293 -0.057320 0.108402 0.038550 -0.028122 -0.318904 0.946585
1783948397.702017069 -0.114326 -0.056375 0.106484 0.036603 -0.029627 -0.320329 0.946135
1783948397.711963654 -0.114875 -0.055581 0.104269 0.034681 -0.030903 -0.321375 0.945812
1783948397.721964598 -0.114960 -0.054972 0.101736 0.033017 -0.031952 -0.321826 0.945683
1783948397.732014656 -0.114615 -0.054527 0.098889 0.031480 -0.032979 -0.321662 0.945756
1783948397.741946936 -0.113886 -0.054224 0.095775 0.030064 -0.034029 -0.320708 0.946089
1783948397.751930237 -0.112790 -0.054046 0.092331 0.028920 -0.034877 -0.318895 0.946706
1783948397.761962891 -0.111352 -0.053964 0.088546 0.027972 -0.035334 -0.316143 0.947641
1783948397.771922350 -0.109662 -0.053951 0.084485 0.027242 -0.035569 -0.312613 0.948823
1783948397.781987667 -0.107758 -0.054015 0.080093 0.026890 -0.035749 -0.308409 0.950202
1783948397.786896229 -0.106735 -0.054078 0.077910 0.026897 -0.035619 -0.306248 0.950905
1783948397.786896229 -0.106735 -0.054078 0.077910 0.026897 -0.035619 -0.306248 0.950905
1783948397.792001486 -0.105770 -0.054265 0.075457 0.026927 -0.035498 -0.304020 0.951623
1783948397.802006960 -0.103821 -0.054723 0.070419 0.027286 -0.035117 -0.299433 0.953080
1783948397.813400269 -0.101472 -0.055379 0.064441 0.028067 -0.034628 -0.294388 0.954646
1783948397.821964025 -0.099586 -0.055969 0.059862 0.028993 -0.033958 -0.291108 0.955647
1783948397.832022667 -0.097315 -0.056801 0.054387 0.030364 -0.033052 -0.287856 0.956621
1783948397.844393730 -0.094503 -0.058035 0.047600 0.032438 -0.031932 -0.284600 0.957565
1783948397.851927280 -0.092753 -0.058873 0.043553 0.033969 -0.031166 -0.283277 0.957929
1783948397.862204552 -0.090411 -0.060156 0.038096 0.036321 -0.030190 -0.282085 0.958226
1783948397.871944427 -0.088229 -0.061493 0.033091 0.038809 -0.029295 -0.281569 0.958308
1783948397.881937265 -0.086048 -0.062973 0.028158 0.041579 -0.028467 -0.281496 0.958238
1783948397.887787104 -0.084778 -0.063867 0.025418 0.043290 -0.027953 -0.281716 0.958113
1783948397.887787104 -0.084778 -0.063867 0.025418 0.043290 -0.027953 -0.281716 0.958113
1783948397.891949892 -0.084020 -0.064594 0.023397 0.044483 -0.027574 -0.281896 0.958016
1783948397.901989698 -0.082336 -0.066446 0.018675 0.047467 -0.026917 -0.282277 0.957780
1783948397.911969662 -0.080780 -0.068345 0.014310 0.050509 -0.026474 -0.282671 0.957520
1783948397.921940088 -0.079350 -0.070305 0.010323 0.053602 -0.026196 -0.282892 0.957295
1783948397.931933641 -0.078058 -0.072329 0.006755 0.056722 -0.026136 -0.282893 0.957116
1783948397.942121744 -0.076883 -0.074444 0.003610 0.059891 -0.026331 -0.282644 0.956991
1783948397.951929569 -0.075872 -0.076525 0.001095 0.062877 -0.026684 -0.282175 0.956928
1783948397.961988211 -0.074967 -0.078717 -0.000927 0.065892 -0.027337 -0.281496 0.956907
1783948397.972402096 -0.074150 -0.081037 -0.002380 0.068904 -0.028281 -0.280614 0.956927
1783948397.981997728 -0.073471 -0.083182 -0.003103 0.071533 -0.029268 -0.279677 0.956978
1783948397.988622665 -0.073015 -0.084638 -0.003236 0.073269 -0.030084 -0.279005 0.957018
1783948397.988622665 -0.073015 -0.084638 -0.003236 0.073269 -0.030084 -0.279005 0.957018
1783948397.991965055 -0.072869 -0.085414 -0.003266 0.074158 -0.030482 -0.278690 0.957028
1783948398.004194498 -0.072476 -0.088272 -0.002841 0.077066 -0.032184 -0.277172 0.957184
1783948398.011964560 -0.072216 -0.089982 -0.002049 0.078725 -0.033337 -0.276246 0.957277
1783948398.021995068 -0.071912 -0.092065 -0.000493 0.080544 -0.034953 -0.275054 0.957411
1783948398.031923771 -0.071581 -0.093926 0.001629 0.081980 -0.036565 -0.273963 0.957542
1783948398.041961908 -0.071198 -0.095559 0.004312 0.082976 -0.038076 -0.273042 0.957660
1783948398.051898956 -0.070764 -0.096887 0.007451 0.083562 -0.039564 -0.272419 0.957726
1783948398.061995268 -0.070245 -0.097904 0.011079 0.083582 -0.040919 -0.272119 0.957753
1783948398.071987867 -0.069638 -0.098540 0.015047 0.083030 -0.042085 -0.272167 0.957737
1783948398.082003593 -0.068921 -0.098773 0.019354 0.081846 -0.043195 -0.272556 0.957679
1783948398.089486361 -0.068274 -0.098657 0.022770 0.080431 -0.043782 -0.273123 0.957610
1783948398.089486361 -0.068274 -0.098657 0.022770 0.080431 -0.043782 -0.273123 0.957610
1783948398.091974497 -0.068092 -0.098594 0.023895 0.079985 -0.043985 -0.273369 0.957568
1783948398.101914406 -0.067360 -0.098127 0.028509 0.077581 -0.044835 -0.274587 0.957378
1783948398.112002134 -0.066462 -0.097248 0.033383 0.074533 -0.045568 -0.276121 0.957145
1783948398.121976137 -0.065397 -0.095999 0.038347 0.070859 -0.045922 -0.277883 0.956897
1783948398.132016420 -0.064166 -0.094413 0.043435 0.066637 -0.046071 -0.279908 0.956602
1783948398.141991615 -0.062796 -0.092543 0.048535 0.062228 -0.046191 -0.282112 0.956246
1783948398.151931524 -0.061264 -0.090385 0.053613 0.057304 -0.045979 -0.284342 0.955904
1783948398.164407730 -0.059164 -0.087274 0.059887 0.050480 -0.045723 -0.286969 0.955515
1783948398.171916962 -0.057742 -0.085180 0.063591 0.046087 -0.045341 -0.288433 0.955315
1783948398.181975842 -0.055734 -0.082205 0.068418 0.040062 -0.044529 -0.289997 0.955151
1783948398.190352917 -0.053959 -0.079572 0.072305 0.034905 -0.043844 -0.291040 0.955068
1783948398.190352917 -0.053959 -0.079572 0.072305 0.034905 -0.043844 -0.291040 0.955068
1783948398.191908121 -0.053652 -0.079084 0.073009 0.033946 -0.043685 -0.291249 0.955046
1783948398.201917171 -0.051737 -0.075891 0.077439 0.027676 -0.042944 -0.292281 0.954967
1783948398.211980581 -0.049704 -0.072536 0.081621 0.021162 -0.041935 -0.292886 0.954993
1783948398.221986771 -0.047591 -0.069087 0.085473 0.014545 -0.040806 -0.293140 0.955087
1783948398.231916428 -0.045429 -0.065610 0.088984 0.008057 -0.039596 -0.293120 0.955221
1783948398.241978407 -0.043199 -0.062082 0.092224 0.001782 -0.038350 -0.292823 0.955396
1783948398.251981497 -0.040956 -0.058578 0.095109 -0.004473 -0.037109 -0.292279 0.955602
1783948398.261962891 -0.038708 -0.055122 0.097644 -0.010601 -0.035839 -0.291535 0.955830
1783948398.271974564 -0.036462 -0.051748 0.099836 -0.016388 -0.034434 -0.290616 0.956080
1783948398.282018900 -0.034246 -0.048468 0.101682 -0.021895 -0.033075 -0.289654 0.956309
1783948398.291213274 -0.032252 -0.045573 0.103055 -0.026677 -0.031940 -0.288731 0.956506
1783948398.291213274 -0.032252 -0.045573 0.103055 -0.026677 -0.031940 -0.288731 0.956506
1783948398.293278694 -0.031845 -0.044960 0.103349 -0.027783 -0.031613 -0.288505 0.956553
1783948398.301982641 -0.030206 -0.042508 0.104502 -0.032087 -0.030365 -0.287782 0.956676
1783948398.311986208 -0.028400 -0.039880 0.105510 -0.036599 -0.029103 -0.287180 0.956735
1783948398.323414803 -0.026436 -0.037157 0.106259 -0.041230 -0.027718 -0.286769 0.956711
1783948398.331975698 -0.025017 -0.035308 0.106488 -0.044228 -0.026649 -0.286634 0.956648
1783948398.342052460 -0.023475 -0.033404 0.106452 -0.047105 -0.025627 -0.286681 0.956524
1783948398.351916552 -0.022109 -0.031807 0.106055 -0.049470 -0.024899 -0.286895 0.956360
1783948398.361951351 -0.020871 -0.030465 0.105277 -0.051394 -0.024394 -0.287312 0.956146
1783948398.372038364 -0.019765 -0.029418 0.104101 -0.052703 -0.024027 -0.287932 0.955898
1783948398.381964207 -0.018792 -0.028679 0.102533 -0.053555 -0.023671 -0.288780 0.955603
1783948398.391940355 -0.017941 -0.028231 0.100539 -0.054019 -0.023428 -0.289886 0.955248
1783948398.392181873 -0.017921 -0.028223 0.100483 -0.054016 -0.023426 -0.289913 0.955240
1783948398.392181873 -0.017921 -0.028223 0.100483 -0.054016 -0.023426 -0.289913 0.955240
1783948398.401982307 -0.017701 -0.027861 0.098233 -0.053982 -0.022973 -0.291236 0.954851
1783948398.411918879 -0.017627 -0.027779 0.095552 -0.053403 -0.022619 -0.292594 0.954476
1783948398.422011375 -0.017703 -0.027960 0.092419 -0.052369 -0.022389 -0.293906 0.954136
1783948398.431961775 -0.017925 -0.028371 0.088921 -0.050761 -0.022354 -0.294932 0.953907
1783948398.441958427 -0.018295 -0.028968 0.085001 -0.048851 -0.022431 -0.295689 0.953771
1783948398.451934338 -0.018813 -0.029720 0.080693 -0.046546 -0.022628 -0.296149 0.953738
1783948398.461991549 -0.019496 -0.030616 0.075980 -0.043765 -0.022910 -0.296318 0.953811
1783948398.471961975 -0.020342 -0.031616 0.070970 -0.040753 -0.023341 -0.296291 0.953942
1783948398.487633467 -0.022224 -0.033267 0.062592 -0.035579 -0.024255 -0.296233 0.954145
1783948398.491998434 -0.022738 -0.033841 0.060083 -0.034006 -0.024713 -0.296041 0.954250
1783948398.493098497 -0.022867 -0.033992 0.059440 -0.033588 -0.024835 -0.295990 0.954277
1783948398.493098497 -0.022867 -0.033992 0.059440 -0.033588 -0.024835 -0.295990 0.954277
1783948398.502021790 -0.024212 -0.035374 0.054354 -0.030241 -0.025538 -0.295943 0.954385
1783948398.511993170 -0.025835 -0.036965 0.048472 -0.026279 -0.026317 -0.296054 0.954447
1783948398.521982193 -0.027569 -0.038577 0.042388 -0.022202 -0.027388 -0.296372 0.954422
1783948398.531993151 -0.029384 -0.040184 0.036123 -0.018118 -0.028472 -0.296784 0.954348
1783948398.541997910 -0.031261 -0.041753 0.029736 -0.014041 -0.029564 -0.297387 0.954196
1783948398.551950932 -0.033191 -0.043259 0.023307 -0.009988 -0.030802 -0.298047 0.954002
1783948398.561966181 -0.035179 -0.044701 0.016816 -0.005998 -0.031938 -0.298813 0.953758
1783948398.571952343 -0.037209 -0.046043 0.010363 -0.002105 -0.033210 -0.299644 0.953471
1783948398.582532406 -0.039391 -0.047355 0.003596 0.001841 -0.034609 -0.300574 0.953128
1783948398.591976166 -0.041319 -0.048426 -0.002358 0.005168 -0.035739 -0.301343 0.952832
1783948398.593809366 -0.041678 -0.048622 -0.003509 0.005797 -0.036015 -0.301404 0.952798
1783948398.593809366 -0.041678 -0.048622 -0.003509 0.005797 -0.036015 -0.301404 0.952798
1783948398.602031469 -0.043475 -0.049551 -0.008351 0.008565 -0.037088 -0.302086 0.952520
1783948398.612013102 -0.045628 -0.050563 -0.014039 0.011727 -0.038191 -0.302879 0.952191
1783948398.622035027 -0.047733 -0.051432 -0.019532 0.014747 -0.039314 -0.303432 0.951927
1783948398.632037401 -0.049758 -0.052138 -0.024774 0.017480 -0.040393 -0.303811 0.951715
1783948398.642488718 -0.051773 -0.052725 -0.029957 0.020107 -0.041334 -0.304070 0.951540
1783948398.651967525 -0.053495 -0.053121 -0.034378 0.022291 -0.042180 -0.304115 0.951440
1783948398.661996126 -0.055216 -0.053413 -0.038735 0.024367 -0.042872 -0.304133 0.951352
1783948398.672007799 -0.056827 -0.053576 -0.042763 0.026220 -0.043492 -0.304097 0.951287
1783948398.681960583 -0.058318 -0.053618 -0.046454 0.027718 -0.043980 -0.304160 0.951201
1783948398.691998243 -0.059716 -0.053557 -0.049852 0.029052 -0.044252 -0.304328 0.951095
1783948398.694674969 -0.060054 -0.053516 -0.050723 0.029383 -0.044377 -0.304312 0.951084
