id: 0
T_world_origin: 
  -0.234371    0.971816   0.0253631  -0.0016264
  -0.969788    -0.23554   0.0635074 0.000138655
  0.0676916 -0.00971253    0.997659   0.0232077
          0           0           0           1
T_origin_endpoint_L: 
           1 -0.000704273  0.000542802   0.00274341
 0.000704534            1 -0.000482374   0.00103104
-0.000542462  0.000482756            1    0.0125442
           0            0            0            1
T_origin_endpoint_R: 
           1  0.000349218  0.000664461   0.00262584
 -0.00034961            1   0.00058967  0.000151652
-0.000664255 -0.000589902            1    0.0218524
           0            0            0            1
T_lidar_imu: 
-2.22045e-16            1            0            0
           1 -2.22045e-16            0            0
           0            0           -1         0.07
           0            0            0            1
imu_bias:  0.000370067  0.000306799   0.00443751 -0.000710578  0.000723591  0.000309764
frame_id: 2
num_frames: 13
frame_0
id: 0
stamp: 1784036391.365667343
T_odom_lidar: 
   0.971993     -0.2337  -0.0247671  0.00078446
  -0.234826   -0.969988  -0.0630946  0.00244855
-0.00927857   0.0671435     -0.9977    0.105737
          0           0           0           1
T_world_lidar: 
   0.971993     -0.2337  -0.0247671  0.00078446
  -0.234826   -0.969988  -0.0630946  0.00244855
-0.00927857   0.0671435     -0.9977    0.105737
          0           0           0           1
v_world_imu:  0.0017986 0.00709012 -0.0545777
frame_1
id: 1
stamp: 1784036391.466529846
T_odom_lidar: 
   0.971948   -0.233875  -0.0248896 0.000707597
   -0.23501    -0.96993  -0.0632952  0.00306456
-0.00933799    0.067369   -0.997684    0.100913
          0           0           0           1
T_world_lidar: 
   0.971948   -0.233875  -0.0248896 0.000707597
   -0.23501    -0.96993  -0.0632952  0.00306456
-0.00933799    0.067369   -0.997684    0.100913
          0           0           0           1
v_world_imu: 0.00172316 0.00535273  -0.041297
frame_2
id: 2
stamp: 1784036391.567367554
T_odom_lidar: 
   0.971913   -0.234003  -0.0250534 0.000609921
   -0.23515   -0.969888  -0.0634101  0.00353606
-0.00946084   0.0675205   -0.997673   0.0973326
          0           0           0           1
T_world_lidar: 
   0.971913   -0.234003  -0.0250534 0.000609921
   -0.23515   -0.969888  -0.0634101  0.00353606
-0.00946084   0.0675205   -0.997673   0.0973326
          0           0           0           1
v_world_imu: 0.00167229 0.00413371 -0.0301291
frame_3
id: 3
stamp: 1784036391.668859482
T_odom_lidar: 
   0.971887   -0.234102  -0.0251184 0.000480074
  -0.235254   -0.969857  -0.0635073  0.00390809
-0.00949401   0.0676312   -0.997665   0.0948143
          0           0           0           1
T_world_lidar: 
   0.971887   -0.234102  -0.0251184 0.000480074
  -0.235254   -0.969857  -0.0635073  0.00390809
-0.00949401   0.0676312   -0.997665   0.0948143
          0           0           0           1
v_world_imu: 0.00135859 0.00350514 -0.0198387
frame_4
id: 4
stamp: 1784036391.769069433
T_odom_lidar: 
   0.971857   -0.234227  -0.0251539 0.000341922
  -0.235381   -0.969825  -0.0635288  0.00420917
-0.00951469   0.0676617   -0.997663    0.093321
          0           0           0           1
T_world_lidar: 
   0.971857   -0.234227  -0.0251539 0.000341922
  -0.235381   -0.969825  -0.0635288  0.00420917
-0.00951469   0.0676617   -0.997663    0.093321
          0           0           0           1
v_world_imu: 0.00139132 0.00279478 -0.0101358
frame_5
id: 5
stamp: 1784036391.870026350
T_odom_lidar: 
   0.971834    -0.23431  -0.0252514 0.000230372
  -0.235471   -0.969801  -0.0635608  0.00442673
-0.00959585   0.0677165   -0.997658   0.0927473
          0           0           0           1
T_world_lidar: 
   0.971834    -0.23431  -0.0252514 0.000230372
  -0.235471   -0.969801  -0.0635608  0.00442673
-0.00959585   0.0677165   -0.997658   0.0927473
          0           0           0           1
v_world_imu:  0.00192431  0.00196427 -0.00132455
frame_6
id: 6
stamp: 1784036391.970793962
T_odom_lidar: 
   0.971816   -0.234371  -0.0253631 0.000149019
   -0.23554   -0.969788  -0.0635074  0.00458417
-0.00971253   0.0676916   -0.997659   0.0930439
          0           0           0           1
T_world_lidar: 
   0.971816   -0.234371  -0.0253631 0.000149019
   -0.23554   -0.969788  -0.0635074  0.00458417
-0.00971253   0.0676916   -0.997659   0.0930439
          0           0           0           1
v_world_imu: 0.00199174 0.00150781 0.00740447
frame_7
id: 7
stamp: 1784036392.071691751
T_odom_lidar: 
   0.971791   -0.234473  -0.0253964 9.77266e-05
  -0.235643   -0.969764  -0.0634892  0.00465641
-0.00974206   0.0676827   -0.997659   0.0942304
          0           0           0           1
T_world_lidar: 
   0.971791   -0.234473  -0.0253964 9.77266e-05
  -0.235643   -0.969764  -0.0634892  0.00465641
-0.00974206   0.0676827   -0.997659   0.0942304
          0           0           0           1
v_world_imu:   0.0027126 0.000121951   0.0164771
frame_8
id: 8
stamp: 1784036392.172551632
T_odom_lidar: 
   0.971789   -0.234477  -0.0254333 9.51622e-05
  -0.235649   -0.969769  -0.0633855  0.00459473
-0.00980197   0.0675906   -0.997665   0.0963418
          0           0           0           1
T_world_lidar: 
   0.971789   -0.234477  -0.0254333 9.51622e-05
  -0.235649   -0.969769  -0.0633855  0.00459473
-0.00980197   0.0675906   -0.997665   0.0963418
          0           0           0           1
v_world_imu:   0.00273824 -0.000948013    0.0253885
frame_9
id: 9
stamp: 1784036392.273382902
T_odom_lidar: 
   0.971775   -0.234531  -0.0254596 0.000104319
  -0.235703   -0.969766  -0.0632378  0.00444122
-0.00985862   0.0674538   -0.997674    0.099395
          0           0           0           1
T_world_lidar: 
   0.971775   -0.234531  -0.0254596 0.000104319
  -0.235703   -0.969766  -0.0632378  0.00444122
-0.00985862   0.0674538   -0.997674    0.099395
          0           0           0           1
v_world_imu:  0.00296611 -0.00159235   0.0354714
frame_10
id: 10
stamp: 1784036392.375601530
T_odom_lidar: 
   0.971762   -0.234577  -0.0255505 0.000135157
  -0.235753   -0.969761  -0.0631174    0.004206
-0.00997202   0.0673587   -0.997679     0.10355
          0           0           0           1
T_world_lidar: 
   0.971762   -0.234577  -0.0255505 0.000135157
  -0.235753   -0.969761  -0.0631174    0.004206
-0.00997202   0.0673587   -0.997679     0.10355
          0           0           0           1
v_world_imu:  0.00310996 -0.00282977    0.046018
frame_11
id: 11
stamp: 1784036392.475108147
T_odom_lidar: 
   0.971741   -0.234652   -0.025631 0.000161299
  -0.235832   -0.969755  -0.0629134  0.00385178
  -0.010093   0.0671802    -0.99769    0.108652
          0           0           0           1
T_world_lidar: 
   0.971741   -0.234652   -0.025631 0.000161299
  -0.235832   -0.969755  -0.0629134  0.00385178
  -0.010093   0.0671802    -0.99769    0.108652
          0           0           0           1
v_world_imu:  0.00314998 -0.00419257   0.0568897
frame_12
id: 12
stamp: 1784036392.575962067
T_odom_lidar: 
  0.971719  -0.234728 -0.0257804 0.00026443
 -0.235916  -0.969747 -0.0627241  0.0033349
-0.0102774  0.0670322  -0.997698   0.115024
         0          0          0          1
T_world_lidar: 
  0.971719  -0.234728 -0.0257804 0.00026443
 -0.235916  -0.969747 -0.0627241  0.0033349
-0.0102774  0.0670322  -0.997698   0.115024
         0          0          0          1
v_world_imu:  0.00418679 -0.00604198   0.0696482
