1784036391.365667343 -0.000949 -0.001968 0.035898 -0.029263 -0.017134 -0.785211 0.618299
1784036391.373279572 -0.000935 -0.001915 0.035486 -0.029275 -0.017154 -0.785229 0.618275
1784036391.383254766 -0.000917 -0.001850 0.034958 -0.029283 -0.017175 -0.785250 0.618247
1784036391.393358946 -0.000908 -0.001788 0.034436 -0.029295 -0.017178 -0.785249 0.618249
1784036391.403280973 -0.000916 -0.001730 0.033937 -0.029307 -0.017146 -0.785238 0.618262
1784036391.413240433 -0.000939 -0.001673 0.033449 -0.029305 -0.017128 -0.785231 0.618272
1784036391.423269510 -0.000972 -0.001614 0.032970 -0.029313 -0.017106 -0.785220 0.618286
1784036391.433274746 -0.001008 -0.001556 0.032508 -0.029321 -0.017092 -0.785219 0.618287
1784036391.443335295 -0.001035 -0.001497 0.032059 -0.029337 -0.017102 -0.785224 0.618280
1784036391.453302145 -0.001047 -0.001438 0.031627 -0.029355 -0.017124 -0.785236 0.618263
1784036391.463270426 -0.001040 -0.001383 0.031209 -0.029369 -0.017171 -0.785258 0.618233
1784036391.466529846 -0.001035 -0.001366 0.031075 -0.029372 -0.017178 -0.785266 0.618223
1784036391.466529846 -0.001035 -0.001366 0.031075 -0.029372 -0.017178 -0.785266 0.618223
1784036391.476168394 -0.001018 -0.001315 0.030676 -0.029385 -0.017207 -0.785286 0.618195
1784036391.483322859 -0.001005 -0.001280 0.030389 -0.029386 -0.017218 -0.785299 0.618179
1784036391.493262768 -0.000997 -0.001235 0.029998 -0.029389 -0.017215 -0.785302 0.618175
1784036391.504208803 -0.001008 -0.001188 0.029582 -0.029399 -0.017179 -0.785291 0.618189
1784036391.513311386 -0.001031 -0.001150 0.029249 -0.029400 -0.017150 -0.785285 0.618199
1784036391.523238897 -0.001068 -0.001105 0.028898 -0.029404 -0.017116 -0.785272 0.618215
1784036391.533247709 -0.001109 -0.001057 0.028557 -0.029420 -0.017106 -0.785270 0.618217
1784036391.543283463 -0.001140 -0.001009 0.028228 -0.029435 -0.017115 -0.785269 0.618218
1784036391.553351164 -0.001156 -0.000962 0.027912 -0.029457 -0.017132 -0.785280 0.618203
1784036391.563345671 -0.001150 -0.000919 0.027611 -0.029471 -0.017168 -0.785298 0.618178
1784036391.567367554 -0.001144 -0.000903 0.027495 -0.029471 -0.017175 -0.785307 0.618167
1784036391.567367554 -0.001144 -0.000903 0.027495 -0.029471 -0.017175 -0.785307 0.618167
1784036391.573257208 -0.001134 -0.000878 0.027314 -0.029470 -0.017186 -0.785320 0.618150
1784036391.583343983 -0.001117 -0.000841 0.027009 -0.029477 -0.017208 -0.785337 0.618127
1784036391.593257189 -0.001111 -0.000807 0.026723 -0.029481 -0.017202 -0.785336 0.618128
1784036391.603610516 -0.001124 -0.000774 0.026437 -0.029485 -0.017188 -0.785322 0.618146
1784036391.613337755 -0.001151 -0.000743 0.026183 -0.029482 -0.017157 -0.785311 0.618160
1784036391.623278141 -0.001191 -0.000707 0.025935 -0.029490 -0.017130 -0.785302 0.618173
1784036391.634185791 -0.001236 -0.000666 0.025678 -0.029496 -0.017115 -0.785298 0.618178
1784036391.643246412 -0.001267 -0.000631 0.025480 -0.029504 -0.017125 -0.785298 0.618177
1784036391.653313160 -0.001286 -0.000592 0.025271 -0.029522 -0.017141 -0.785307 0.618165
1784036391.663252831 -0.001285 -0.000556 0.025078 -0.029525 -0.017180 -0.785326 0.618139
1784036391.668859482 -0.001278 -0.000537 0.024978 -0.029525 -0.017194 -0.785338 0.618124
1784036391.668859482 -0.001278 -0.000537 0.024978 -0.029525 -0.017194 -0.785338 0.618124
1784036391.673259735 -0.001272 -0.000522 0.024887 -0.029525 -0.017205 -0.785347 0.618112
1784036391.683306932 -0.001257 -0.000490 0.024679 -0.029528 -0.017224 -0.785360 0.618094
1784036391.693322897 -0.001253 -0.000462 0.024486 -0.029521 -0.017218 -0.785361 0.618093
1784036391.703269243 -0.001267 -0.000436 0.024310 -0.029517 -0.017199 -0.785352 0.618107
1784036391.713287115 -0.001296 -0.000409 0.024146 -0.029507 -0.017169 -0.785342 0.618120
1784036391.723381758 -0.001336 -0.000379 0.023994 -0.029509 -0.017138 -0.785329 0.618138
1784036391.734357595 -0.001382 -0.000344 0.023844 -0.029520 -0.017120 -0.785330 0.618136
1784036391.743313074 -0.001411 -0.000315 0.023735 -0.029529 -0.017123 -0.785334 0.618131
1784036391.753319740 -0.001428 -0.000282 0.023625 -0.029542 -0.017146 -0.785342 0.618119
1784036391.763351202 -0.001426 -0.000253 0.023529 -0.029544 -0.017185 -0.785365 0.618089
1784036391.769069433 -0.001419 -0.000238 0.023485 -0.029545 -0.017194 -0.785377 0.618073
1784036391.769069433 -0.001419 -0.000238 0.023485 -0.029545 -0.017194 -0.785377 0.618073
1784036391.773271561 -0.001412 -0.000226 0.023438 -0.029545 -0.017198 -0.785387 0.618061
1784036391.783240795 -0.001397 -0.000201 0.023326 -0.029549 -0.017211 -0.785406 0.618036
1784036391.796189308 -0.001393 -0.000175 0.023194 -0.029548 -0.017207 -0.785409 0.618032
1784036391.803263903 -0.001405 -0.000162 0.023138 -0.029545 -0.017182 -0.785404 0.618039
1784036391.813343525 -0.001432 -0.000144 0.023065 -0.029535 -0.017140 -0.785391 0.618058
1784036391.823384762 -0.001471 -0.000123 0.023005 -0.029534 -0.017109 -0.785378 0.618075
1784036391.833842278 -0.001513 -0.000099 0.022957 -0.029551 -0.017099 -0.785369 0.618085
1784036391.843249321 -0.001542 -0.000078 0.022928 -0.029569 -0.017108 -0.785370 0.618083
1784036391.853272915 -0.001556 -0.000055 0.022908 -0.029578 -0.017123 -0.785376 0.618075
1784036391.863307476 -0.001549 -0.000034 0.022903 -0.029588 -0.017161 -0.785392 0.618052
1784036391.870026350 -0.001537 -0.000023 0.022911 -0.029592 -0.017177 -0.785404 0.618037
1784036391.870026350 -0.001537 -0.000023 0.022911 -0.029592 -0.017177 -0.785404 0.618037
1784036391.873260975 -0.001531 -0.000016 0.022904 -0.029593 -0.017184 -0.785410 0.618029
1784036391.883244753 -0.001511 0.000001 0.022876 -0.029597 -0.017190 -0.785425 0.618010
1784036391.893265009 -0.001502 0.000014 0.022862 -0.029583 -0.017183 -0.785427 0.618008
1784036391.903275013 -0.001510 0.000026 0.022861 -0.029577 -0.017154 -0.785413 0.618027
1784036391.913300276 -0.001533 0.000038 0.022873 -0.029572 -0.017128 -0.785399 0.618046
1784036391.924059868 -0.001571 0.000055 0.022899 -0.029575 -0.017086 -0.785386 0.618063
1784036391.933262110 -0.001606 0.000072 0.022937 -0.029577 -0.017071 -0.785383 0.618067
1784036391.943286419 -0.001635 0.000092 0.022990 -0.029590 -0.017074 -0.785385 0.618064
1784036391.955211878 -0.001647 0.000115 0.023065 -0.029611 -0.017090 -0.785397 0.618047
1784036391.963253498 -0.001640 0.000129 0.023134 -0.029619 -0.017109 -0.785413 0.618027
1784036391.970793962 -0.001626 0.000139 0.023208 -0.029619 -0.017123 -0.785425 0.618011
1784036391.970793962 -0.001626 0.000139 0.023208 -0.029619 -0.017123 -0.785425 0.618011
1784036391.973315954 -0.001621 0.000142 0.023224 -0.029619 -0.017126 -0.785429 0.618005
1784036391.983251810 -0.001601 0.000155 0.023282 -0.029618 -0.017147 -0.785445 0.617985
1784036391.993294477 -0.001591 0.000163 0.023354 -0.029614 -0.017144 -0.785446 0.617984
1784036392.003323317 -0.001597 0.000168 0.023439 -0.029612 -0.017115 -0.785440 0.617993
1784036392.013296127 -0.001617 0.000173 0.023536 -0.029600 -0.017085 -0.785425 0.618012
1784036392.023269415 -0.001649 0.000181 0.023648 -0.029595 -0.017046 -0.785415 0.618027
1784036392.033318043 -0.001682 0.000190 0.023774 -0.029599 -0.017030 -0.785411 0.618031
1784036392.043318272 -0.001706 0.000199 0.023914 -0.029605 -0.017038 -0.785412 0.618030
1784036392.053900480 -0.001714 0.000208 0.024078 -0.029619 -0.017055 -0.785425 0.618013
1784036392.063654423 -0.001700 0.000212 0.024244 -0.029624 -0.017089 -0.785442 0.617989
1784036392.071691751 -0.001680 0.000212 0.024394 -0.029626 -0.017107 -0.785458 0.617969
1784036392.071691751 -0.001680 0.000212 0.024394 -0.029626 -0.017107 -0.785458 0.617969
1784036392.073279381 -0.001676 0.000212 0.024419 -0.029626 -0.017109 -0.785461 0.617965
1784036392.083252430 -0.001648 0.000211 0.024569 -0.029621 -0.017124 -0.785472 0.617950
1784036392.093289614 -0.001629 0.000206 0.024734 -0.029611 -0.017118 -0.785475 0.617948
1784036392.103284359 -0.001628 0.000198 0.024911 -0.029609 -0.017081 -0.785460 0.617968
1784036392.115193367 -0.001646 0.000187 0.025136 -0.029600 -0.017048 -0.785441 0.617993
1784036392.123386621 -0.001669 0.000182 0.025307 -0.029592 -0.017016 -0.785429 0.618009
1784036392.133273602 -0.001697 0.000177 0.025522 -0.029584 -0.016996 -0.785424 0.618017
1784036392.143264532 -0.001718 0.000175 0.025753 -0.029590 -0.016992 -0.785423 0.618018
1784036392.153269768 -0.001724 0.000173 0.025997 -0.029600 -0.017008 -0.785426 0.618014
1784036392.163323641 -0.001709 0.000167 0.026255 -0.029604 -0.017038 -0.785445 0.617988
1784036392.172551632 -0.001685 0.000158 0.026505 -0.029608 -0.017055 -0.785460 0.617968
1784036392.172551632 -0.001685 0.000158 0.026505 -0.029608 -0.017055 -0.785460 0.617968
1784036392.173255444 -0.001683 0.000157 0.026523 -0.029608 -0.017056 -0.785462 0.617967
1784036392.183259249 -0.001656 0.000145 0.026764 -0.029600 -0.017071 -0.785481 0.617942
1784036392.193279743 -0.001638 0.000130 0.027019 -0.029591 -0.017069 -0.785479 0.617945
1784036392.203280687 -0.001636 0.000112 0.027288 -0.029583 -0.017032 -0.785466 0.617962
1784036392.213264465 -0.001649 0.000094 0.027570 -0.029572 -0.016999 -0.785451 0.617984
1784036392.223263979 -0.001674 0.000080 0.027866 -0.029569 -0.016959 -0.785438 0.618001
1784036392.233234644 -0.001701 0.000067 0.028175 -0.029569 -0.016933 -0.785432 0.618009
1784036392.247042418 -0.001722 0.000051 0.028619 -0.029569 -0.016939 -0.785432 0.618009
1784036392.253277302 -0.001723 0.000044 0.028835 -0.029575 -0.016943 -0.785440 0.617999
1784036392.263322115 -0.001706 0.000031 0.029189 -0.029573 -0.016967 -0.785458 0.617975
1784036392.273269653 -0.001678 0.000015 0.029554 -0.029572 -0.016989 -0.785479 0.617948
1784036392.273382902 -0.001678 0.000015 0.029558 -0.029572 -0.016989 -0.785479 0.617948
1784036392.273382902 -0.001678 0.000015 0.029558 -0.029572 -0.016989 -0.785479 0.617948
1784036392.283340693 -0.001649 -0.000004 0.029902 -0.029570 -0.016994 -0.785491 0.617933
1784036392.293309450 -0.001629 -0.000026 0.030259 -0.029568 -0.016980 -0.785492 0.617932
1784036392.306945086 -0.001629 -0.000059 0.030763 -0.029552 -0.016935 -0.785476 0.617954
1784036392.313232660 -0.001638 -0.000076 0.031010 -0.029547 -0.016907 -0.785466 0.617967
1784036392.323325157 -0.001662 -0.000099 0.031412 -0.029543 -0.016867 -0.785452 0.617987
1784036392.333289862 -0.001687 -0.000119 0.031822 -0.029549 -0.016846 -0.785448 0.617992
1784036392.343268394 -0.001705 -0.000137 0.032247 -0.029556 -0.016847 -0.785449 0.617991
1784036392.353267908 -0.001708 -0.000156 0.032685 -0.029563 -0.016858 -0.785458 0.617979
1784036392.363307953 -0.001690 -0.000179 0.033138 -0.029564 -0.016883 -0.785479 0.617951
1784036392.374153852 -0.001658 -0.000208 0.033642 -0.029571 -0.016914 -0.785493 0.617932
1784036392.375601530 -0.001653 -0.000212 0.033712 -0.029570 -0.016915 -0.785495 0.617930
1784036392.375601530 -0.001653 -0.000212 0.033712 -0.029570 -0.016915 -0.785495 0.617930
1784036392.383306026 -0.001630 -0.000236 0.034063 -0.029566 -0.016922 -0.785504 0.617918
1784036392.393274546 -0.001609 -0.000271 0.034527 -0.029551 -0.016915 -0.785509 0.617913
1784036392.403901339 -0.001606 -0.000311 0.035034 -0.029554 -0.016875 -0.785494 0.617933
1784036392.413302183 -0.001617 -0.000345 0.035494 -0.029532 -0.016829 -0.785487 0.617944
1784036392.423338175 -0.001640 -0.000379 0.035999 -0.029528 -0.016786 -0.785477 0.617959
1784036392.436206579 -0.001672 -0.000419 0.036661 -0.029521 -0.016762 -0.785474 0.617963
1784036392.443243980 -0.001684 -0.000440 0.037037 -0.029526 -0.016761 -0.785476 0.617960
1784036392.453325748 -0.001686 -0.000470 0.037584 -0.029537 -0.016772 -0.785480 0.617954
1784036392.463275433 -0.001669 -0.000505 0.038138 -0.029537 -0.016798 -0.785496 0.617933
1784036392.473265171 -0.001639 -0.000544 0.038706 -0.029537 -0.016810 -0.785518 0.617904
1784036392.475108147 -0.001633 -0.000552 0.038814 -0.029538 -0.016811 -0.785521 0.617901
1784036392.475108147 -0.001633 -0.000552 0.038814 -0.029538 -0.016811 -0.785521 0.617901
1784036392.483354807 -0.001607 -0.000589 0.039282 -0.029543 -0.016813 -0.785532 0.617887
1784036392.493331909 -0.001584 -0.000637 0.039860 -0.029537 -0.016800 -0.785534 0.617885
1784036392.503332615 -0.001577 -0.000687 0.040454 -0.029525 -0.016760 -0.785527 0.617895
1784036392.513332844 -0.001584 -0.000739 0.041063 -0.029510 -0.016716 -0.785515 0.617912
1784036392.523295403 -0.001601 -0.000789 0.041683 -0.029504 -0.016664 -0.785501 0.617933
1784036392.533247948 -0.001619 -0.000837 0.042316 -0.029501 -0.016639 -0.785500 0.617935
1784036392.543244839 -0.001627 -0.000885 0.042965 -0.029506 -0.016638 -0.785503 0.617930
1784036392.553288460 -0.001620 -0.000933 0.043630 -0.029527 -0.016656 -0.785508 0.617922
1784036392.564195156 -0.001589 -0.000988 0.044368 -0.029530 -0.016677 -0.785527 0.617897
1784036392.573276281 -0.001552 -0.001040 0.044996 -0.029538 -0.016692 -0.785543 0.617876
1784036392.575962067 -0.001540 -0.001056 0.045185 -0.029538 -0.016691 -0.785548 0.617870
1784036392.575962067 -0.001540 -0.001056 0.045185 -0.029538 -0.016691 -0.785548 0.617870
1784036392.583317757 -0.001510 -0.001102 0.045699 -0.029535 -0.016690 -0.785562 0.617853
1784036392.596039057 -0.001474 -0.001188 0.046604 -0.029536 -0.016672 -0.785563 0.617852
1784036392.603269100 -0.001466 -0.001239 0.047128 -0.029528 -0.016643 -0.785558 0.617859
1784036392.613270760 -0.001467 -0.001311 0.047865 -0.029511 -0.016603 -0.785548 0.617873
1784036392.623243332 -0.001479 -0.001382 0.048612 -0.029508 -0.016550 -0.785537 0.617889
1784036392.633267641 -0.001494 -0.001452 0.049376 -0.029496 -0.016517 -0.785541 0.617886
1784036392.643330336 -0.001501 -0.001521 0.050155 -0.029496 -0.016516 -0.785545 0.617881
1784036392.653285980 -0.001492 -0.001589 0.050939 -0.029509 -0.016520 -0.785553 0.617870
1784036392.663256168 -0.001461 -0.001663 0.051738 -0.029515 -0.016551 -0.785575 0.617840
1784036392.673270226 -0.001418 -0.001742 0.052555 -0.029520 -0.016564 -0.785593 0.617816
1784036392.676830769 -0.001402 -0.001771 0.052849 -0.029521 -0.016570 -0.785599 0.617810
